Frame number	Queue Density
0	0.0661013
5	0.0811336
10	0.102655
15	0.107953
20	0.11132
25	0.116488
30	0.122194
35	0.123562
40	0.125082
45	0.125361
50	0.12529
55	0.124099
60	0.123248
65	0.122371
70	0.123581
75	0.125658
80	0.130173
85	0.146698
90	0.173937
95	0.177092
100	0.18114
105	0.180141
110	0.191137
115	0.210613
120	0.215272
125	0.214963
130	0.216193
135	0.220562
140	0.223353
145	0.223917
150	0.224434
155	0.220382
160	0.214355
165	0.209547
170	0.205236
175	0.201208
180	0.1987
185	0.196176
190	0.195075
195	0.194205
200	0.194671
205	0.194072
210	0.195565
215	0.194483
220	0.194871
225	0.195157
230	0.19558
235	0.196223
240	0.191188
245	0.193147
250	0.192418
255	0.192508
260	0.193069
265	0.192673
270	0.192183
275	0.192469
280	0.189075
285	0.189158
290	0.188589
295	0.188668
300	0.188593
305	0.189295
310	0.193633
315	0.195451
320	0.195949
325	0.195796
330	0.195596
335	0.195071
340	0.196501
345	0.200514
350	0.200749
355	0.198535
360	0.198284
365	0.197822
370	0.19794
375	0.197269
380	0.196744
385	0.196454
390	0.199335
395	0.203861
400	0.208073
405	0.21249
410	0.221581
415	0.233976
420	0.243636
425	0.253433
430	0.264911
435	0.273101
440	0.276859
445	0.281495
450	0.293627
455	0.302625
460	0.308072
465	0.313746
470	0.314314
475	0.319417
480	0.324562
485	0.326098
490	0.326941
495	0.324621
500	0.331141
505	0.354434
510	0.370282
515	0.373879
520	0.382606
525	0.387701
530	0.388927
535	0.392748
540	0.393853
545	0.395605
550	0.397521
555	0.393398
560	0.38937
565	0.384632
570	0.379942
575	0.394504
580	0.409344
585	0.419729
590	0.429776
595	0.432449
600	0.439126
605	0.44765
610	0.45937
615	0.470335
620	0.481362
625	0.493362
630	0.501505
635	0.505815
640	0.507888
645	0.507065
650	0.514437
655	0.523544
660	0.531326
665	0.539877
670	0.542542
675	0.547178
680	0.551194
685	0.555011
690	0.556638
695	0.556328
700	0.559036
705	0.560016
710	0.56156
715	0.563123
720	0.556935
725	0.557578
730	0.556418
735	0.554063
740	0.551841
745	0.546351
750	0.547805
755	0.547029
760	0.546613
765	0.545387
770	0.540057
775	0.541648
780	0.541923
785	0.54275
790	0.546974
795	0.555756
800	0.565913
805	0.570506
810	0.575111
815	0.583179
820	0.593901
825	0.597244
830	0.599951
835	0.598086
840	0.597604
845	0.596699
850	0.597424
855	0.599301
860	0.598498
865	0.599955
870	0.599128
875	0.60059
880	0.5978
885	0.598878
890	0.599642
895	0.602209
900	0.603173
905	0.597545
910	0.59914
915	0.595096
920	0.589586
925	0.588842
930	0.587611
935	0.589645
940	0.595433
945	0.598039
950	0.597757
955	0.593517
960	0.596507
965	0.597424
970	0.59905
975	0.601394
980	0.598545
985	0.600394
990	0.600884
995	0.601879
1000	0.597255
1005	0.592463
1010	0.597251
1015	0.596589
1020	0.595782
1025	0.594943
1030	0.594359
1035	0.591753
1040	0.593638
1045	0.595896
1050	0.595649
1055	0.594736
1060	0.589676
1065	0.589884
1070	0.589406
1075	0.590323
1080	0.591048
1085	0.589281
1090	0.591154
1095	0.593583
1100	0.593795
1105	0.59421
1110	0.594943
1115	0.594861
1120	0.594328
1125	0.594869
1130	0.597494
1135	0.592635
1140	0.591742
1145	0.592443
1150	0.594011
1155	0.592772
1160	0.597197
1165	0.597008
1170	0.594618
1175	0.593909
1180	0.590499
1185	0.586506
1190	0.586498
1195	0.586056
1200	0.585699
1205	0.585432
1210	0.584817
1215	0.586009
1220	0.587333
1225	0.587505
1230	0.587827
1235	0.586353
1240	0.589077
1245	0.588716
1250	0.589837
1255	0.589289
1260	0.585244
1265	0.585483
1270	0.586154
1275	0.588587
1280	0.589457
1285	0.588595
1290	0.592416
1295	0.59461
1300	0.594751
1305	0.593376
1310	0.587008
1315	0.585581
1320	0.585632
1325	0.584535
1330	0.584026
1335	0.585068
1340	0.584465
1345	0.586161
1350	0.589049
1355	0.593043
1360	0.593438
1365	0.594516
1370	0.59358
1375	0.588854
1380	0.585632
1385	0.579065
1390	0.580949
1395	0.580848
1400	0.57955
1405	0.578293
1410	0.573002
1415	0.574401
1420	0.578473
1425	0.580511
1430	0.584986
1435	0.580883
1440	0.587564
1445	0.591064
1450	0.593023
1455	0.593983
1460	0.58914
1465	0.585589
1470	0.576086
1475	0.571078
1480	0.561011
1485	0.546128
1490	0.535492
1495	0.524833
1500	0.515275
1505	0.51082
1510	0.496916
1515	0.487723
1520	0.478372
1525	0.471942
1530	0.473074
1535	0.467208
1540	0.469418
1545	0.468027
1550	0.465684
1555	0.461585
1560	0.466362
1565	0.468772
1570	0.467898
1575	0.471675
1580	0.490634
1585	0.491081
1590	0.487679
1595	0.488694
1600	0.496928
1605	0.508986
1610	0.499867
1615	0.487746
1620	0.466738
1625	0.462764
1630	0.464324
1635	0.468258
1640	0.457309
1645	0.449703
1650	0.449052
1655	0.444409
1660	0.43777
1665	0.438378
1670	0.431273
1675	0.42025
1680	0.415504
1685	0.407479
1690	0.419717
1695	0.440847
1700	0.458465
1705	0.466597
1710	0.446662
1715	0.451169
1720	0.443903
1725	0.431261
1730	0.41695
1735	0.419921
1740	0.421472
1745	0.403176
1750	0.386055
1755	0.384777
1760	0.372664
1765	0.359972
1770	0.370341
1775	0.361617
1780	0.344081
1785	0.324511
1790	0.306881
1795	0.276522
1800	0.259479
1805	0.255518
1810	0.242221
1815	0.230081
1820	0.225484
1825	0.23485
1830	0.244631
1835	0.236465
1840	0.228
1845	0.207325
1850	0.173342
1855	0.147055
1860	0.149715
1865	0.143277
1870	0.177205
1875	0.186634
1880	0.198402
1885	0.216652
1890	0.251066
1895	0.277031
1900	0.326611
1905	0.38504
1910	0.387344
1915	0.356958
1920	0.325867
1925	0.304302
1930	0.267043
1935	0.232683
1940	0.209002
1945	0.186375
1950	0.155942
1955	0.112903
1960	0.074413
1965	0.0385996
1970	0.0149931
1975	0.00490234
1980	0.00492194
1985	0.00762587
1990	0.00692442
1995	0.00576055
2000	0.00701063
2005	0.0434667
2010	0.114788
2015	0.18112
2020	0.247175
2025	0.31239
2030	0.338289
2035	0.320553
2040	0.274543
2045	0.22927
2050	0.191752
2055	0.149563
2060	0.130467
2065	0.0915731
2070	0.0544783
2075	0.0261302
2080	0.0154947
2085	0.0150989
2090	0.014178
2095	0.0145464
2100	0.0142681
2105	0.0266161
2110	0.0423577
2115	0.0589144
2120	0.0774147
2125	0.108063
2130	0.140867
2135	0.163047
2140	0.180936
2145	0.19
2150	0.196035
2155	0.219951
2160	0.233001
2165	0.219951
2170	0.202936
2175	0.166746
2180	0.135447
2185	0.103976
2190	0.0669125
2195	0.0386858
2200	0.0229521
2205	0.0112625
2210	0.00680293
2215	0.00564691
2220	0.00511396
2225	0.00467114
2230	0.00499248
2235	0.00660308
2240	0.00584284
2245	0.00575663
2250	0.00634836
2255	0.00718697
2260	0.00962835
2265	0.0106551
2270	0.0308052
2275	0.0522368
2280	0.0647572
2285	0.0758159
2290	0.0760275
2295	0.0745384
2300	0.08131
2305	0.0798914
2310	0.0675513
2315	0.0609834
2320	0.0537495
2325	0.0389405
2330	0.0334504
2335	0.0282972
2340	0.022039
2345	0.0176578
2350	0.0157925
2355	0.0118307
2360	0.0157259
2365	0.0160394
2370	0.0159689
2375	0.0154438
2380	0.0152596
2385	0.043451
2390	0.0660504
2395	0.0672495
2400	0.0660465
2405	0.0652705
2410	0.0675826
2415	0.0516177
2420	0.0306054
2425	0.0108706
2430	0.00244529
2435	0.0423302
2440	0.0535222
2445	0.0581188
2450	0.0595414
2455	0.0609599
2460	0.0619044
2465	0.0425967
2470	0.0243785
2475	0.00918945
2480	0.0142329
2485	0.0192567
2490	0.0201384
2495	0.0212004
2500	0.0210672
2505	0.0215178
2510	0.0386309
2515	0.0588556
2520	0.0611441
2525	0.0646083
2530	0.0689542
2535	0.069832
2540	0.069495
2545	0.0729709
2550	0.06192
2555	0.0447246
2560	0.0271451
2565	0.007089
2570	0.00494545
2575	0.00467506
2580	0.00438115
2585	0.00605445
2590	0.0046633
2595	0.00426751
2600	0.00392266
2605	0.00385212
2610	0.00581933
2615	0.00535692
2620	0.00478478
2625	0.0157142
2630	0.0453046
2635	0.0539846
2640	0.0853933
2645	0.125748
2650	0.157279
2655	0.163098
2660	0.168286
2665	0.155629
2670	0.141588
2675	0.138304
2680	0.128625
2685	0.123346
2690	0.105833
2695	0.0818938
2700	0.0566611
2705	0.0428789
2710	0.0405982
2715	0.0407902
2720	0.0400809
2725	0.0403043
2730	0.0597882
2735	0.0867178
2740	0.094857
2745	0.0985798
2750	0.101468
2755	0.103271
2760	0.108001
2765	0.110787
2770	0.113013
2775	0.114384
2780	0.118405
2785	0.120262
2790	0.120674
2795	0.121167
2800	0.121293
2805	0.12241
2810	0.121379
2815	0.12232
2820	0.123918
2825	0.125764
2830	0.125121
2835	0.125176
2840	0.124761
2845	0.125619
2850	0.125631
2855	0.126003
2860	0.124847
2865	0.125952
2870	0.127586
2875	0.129264
2880	0.129526
2885	0.132563
2890	0.135055
2895	0.133202
2900	0.13183
2905	0.130173
2910	0.130839
2915	0.130631
2920	0.129424
2925	0.130345
2930	0.134374
2935	0.135824
2940	0.1356
2945	0.139519
2950	0.149825
2955	0.156322
2960	0.160943
2965	0.171672
2970	0.183699
2975	0.192908
2980	0.200561
2985	0.208634
2990	0.229732
2995	0.260455
3000	0.293016
3005	0.306775
3010	0.322215
3015	0.345057
3020	0.361214
3025	0.370764
3030	0.369024
3035	0.359023
3040	0.363244
3045	0.362593
3050	0.36295
3055	0.363836
3060	0.376818
3065	0.395021
3070	0.410167
3075	0.415637
3080	0.416535
3085	0.417036
3090	0.426935
3095	0.433178
3100	0.435094
3105	0.42793
3110	0.413459
3115	0.406781
3120	0.402094
3125	0.398563
3130	0.400868
3135	0.402553
3140	0.406025
3145	0.411965
3150	0.416119
3155	0.419756
3160	0.421966
3165	0.421849
3170	0.422146
3175	0.423361
3180	0.426112
3185	0.431732
3190	0.440016
3195	0.450118
3200	0.455746
3205	0.46024
3210	0.457552
3215	0.460781
3220	0.461126
3225	0.463344
3230	0.466467
3235	0.463771
3240	0.466816
3245	0.46633
3250	0.466068
3255	0.463544
3260	0.459802
3265	0.462411
3270	0.464602
3275	0.467024
3280	0.466989
3285	0.46285
3290	0.462294
3295	0.464249
3300	0.463426
3305	0.462854
3310	0.456102
3315	0.458171
3320	0.456302
3325	0.455898
3330	0.457376
3335	0.453202
3340	0.455753
3345	0.454311
3350	0.453841
3355	0.453806
3360	0.455628
3365	0.458109
3370	0.459198
3375	0.460965
3380	0.461828
3385	0.459484
3390	0.460092
3395	0.458928
3400	0.460119
3405	0.463066
3410	0.460797
3415	0.462698
3420	0.464567
3425	0.46423
3430	0.464324
3435	0.470233
3440	0.471812
3445	0.470966
3450	0.471338
3455	0.471291
3460	0.470351
3465	0.473078
3470	0.469187
3475	0.466013
3480	0.465723
3485	0.463469
3490	0.464771
3495	0.464955
3500	0.466166
3505	0.464806
3510	0.460722
3515	0.462168
3520	0.462063
3525	0.461996
3530	0.461886
3535	0.459947
3540	0.460366
3545	0.463599
3550	0.466585
3555	0.468846
3560	0.46742
3565	0.466942
3570	0.465292
3575	0.467114
3580	0.468803
3585	0.470539
3590	0.469986
3595	0.46497
3600	0.461886
3605	0.461906
3610	0.46323
3615	0.465064
3620	0.470253
3625	0.470069
3630	0.46981
3635	0.468329
3640	0.466977
3645	0.462639
3650	0.463395
3655	0.464723
3660	0.465437
3665	0.465088
3670	0.462251
3675	0.460393
3680	0.465546
3685	0.469109
3690	0.470194
3695	0.46461
3700	0.462423
3705	0.463532
3710	0.465997
3715	0.467455
3720	0.467529
3725	0.467126
3730	0.467255
3735	0.46711
3740	0.466475
3745	0.465241
3750	0.465503
3755	0.463466
3760	0.463779
3765	0.461314
3770	0.452356
3775	0.454378
3780	0.461906
3785	0.47077
3790	0.474987
3795	0.473874
3800	0.481225
3805	0.485775
3810	0.487824
3815	0.490086
3820	0.501313
3825	0.502778
3830	0.503303
3835	0.503962
3840	0.504557
3845	0.502806
3850	0.50435
3855	0.504009
3860	0.503468
3865	0.500502
3870	0.499001
3875	0.499902
3880	0.499628
3885	0.501955
3890	0.501109
3895	0.491775
3900	0.492492
3905	0.498233
3910	0.501454
3915	0.500897
3920	0.499201
3925	0.499679
3930	0.497151
3935	0.49933
3940	0.498985
3945	0.49819
3950	0.499228
3955	0.498773
3960	0.496747
3965	0.499079
3970	0.496383
3975	0.496552
3980	0.492437
3985	0.48967
3990	0.496038
3995	0.493985
4000	0.495109
4005	0.495678
4010	0.495066
4015	0.495298
4020	0.495352
4025	0.498566
4030	0.497606
4035	0.497574
4040	0.497602
4045	0.495846
4050	0.497073
4055	0.497065
4060	0.497112
4065	0.494988
4070	0.496744
4075	0.498593
4080	0.499142
4085	0.498013
4090	0.497222
4095	0.491857
4100	0.492719
4105	0.495102
4110	0.495795
4115	0.494298
4120	0.493181
4125	0.494353
4130	0.495772
4135	0.496865
4140	0.500811
4145	0.503864
4150	0.512242
4155	0.52211
4160	0.520895
4165	0.523493
4170	0.53242
4175	0.540249
4180	0.545301
4185	0.539524
4190	0.532957
4195	0.522505
4200	0.525609
4205	0.528297
4210	0.521596
4215	0.516866
4220	0.495603
4225	0.47347
4230	0.457537
4235	0.44279
4240	0.425991
4245	0.398818
4250	0.398364
4255	0.411131
4260	0.421504
4265	0.42331
4270	0.417695
4275	0.422044
4280	0.422315
4285	0.423918
4290	0.420626
4295	0.419247
4300	0.440169
4305	0.46365
4310	0.477424
4315	0.505427
4320	0.508606
4325	0.503307
4330	0.485258
4335	0.482017
4340	0.481245
4345	0.488314
4350	0.500078
4355	0.499926
4360	0.480128
4365	0.469861
4370	0.468231
4375	0.470171
4380	0.467463
4385	0.456533
4390	0.431387
4395	0.421151
4400	0.410523
4405	0.395726
4410	0.376442
4415	0.366833
4420	0.364188
4425	0.361061
4430	0.375439
4435	0.395009
4440	0.412745
4445	0.431583
4450	0.466068
4455	0.480994
4460	0.502477
4465	0.499346
4470	0.496277
4475	0.489059
4480	0.473008
4485	0.452027
4490	0.442261
4495	0.434698
4500	0.437625
4505	0.439373
4510	0.429565
4515	0.417777
4520	0.400405
4525	0.424133
4530	0.438601
4535	0.436222
4540	0.40807
4545	0.379256
4550	0.364686
4555	0.357417
4560	0.376125
4565	0.405613
4570	0.415465
4575	0.415818
4580	0.406467
4585	0.406507
4590	0.408564
4595	0.394241
4600	0.380416
4605	0.365607
4610	0.347918
4615	0.31779
4620	0.287949
4625	0.267419
4630	0.27216
4635	0.289231
4640	0.290896
4645	0.305587
4650	0.330064
4655	0.33274
4660	0.3119
4665	0.299227
4670	0.27403
4675	0.250208
4680	0.22668
4685	0.206808
4690	0.206812
4695	0.196294
4700	0.196251
4705	0.20872
4710	0.211259
4715	0.232174
4720	0.266984
4725	0.281722
4730	0.284806
4735	0.280594
4740	0.271349
4745	0.255804
4750	0.232859
4755	0.199436
4760	0.163525
4765	0.134664
4770	0.10927
4775	0.0828579
4780	0.0551798
4785	0.0313382
4790	0.0112899
4795	0.0055411
4800	0.00212004
4805	0.00178695
4810	0.00170073
4815	0.0020064
4820	0.00347592
4825	0.00288811
4830	0.00263731
4835	0.00318202
4840	0.00279798
4845	0.00312324
4850	0.00322512
4855	0.00297824
4860	0.00367578
4865	0.00314675
4870	0.00285284
4875	0.00273528
4880	0.00286852
4885	0.00315851
4890	0.00310756
4895	0.0028019
4900	0.00294297
4905	0.00281757
4910	0.00337404
4915	0.00311932
4920	0.0441956
4925	0.0546351
4930	0.100449
4935	0.111218
4940	0.112652
4945	0.1142
4950	0.101276
4955	0.0850798
4960	0.0751379
4965	0.0513708
4970	0.0709723
4975	0.084441
4980	0.0844371
4985	0.0890103
4990	0.0875878
4995	0.089504
5000	0.085213
5005	0.0749694
5010	0.0582756
5015	0.0320553
5020	0.0161178
5025	0.0124851
5030	0.00961267
5035	0.0114937
5040	0.0116034
5045	0.0118738
5050	0.0200796
5055	0.0363111
5060	0.0642125
5065	0.0971652
5070	0.150954
5075	0.189604
5080	0.211271
5085	0.212498
5090	0.207478
5095	0.191246
5100	0.164775
5105	0.142799
5110	0.0970986
5115	0.0512023
5120	0.0222859
5125	0.00377375
5130	0.00270393
5135	0.00457709
5140	0.00389915
5145	0.00362484
5150	0.00352687
5155	0.00350335
5160	0.0051649
5165	0.00428318
5170	0.00397752
5175	0.0036797
5180	0.00367186
5185	0.00391482
5190	0.00325647
5195	0.000603486
5200	7.83748e-06
5205	0.000211612
5210	0.000548624
5215	0.000768073
5220	0.0039109
5225	0.00309581
5230	0.00272744
5235	0.00264123
5240	0.00279406
5245	0.00332701
5250	0.00310756
5255	0.00324472
5260	0.0357859
5265	0.055172
5270	0.0570961
5275	0.0581306
5280	0.0585107
5285	0.0590633
5290	0.0756748
5295	0.106413
5300	0.114466
5305	0.119439
5310	0.122116
5315	0.122229
5320	0.123668
5325	0.123131
5330	0.135761
5335	0.15693
5340	0.157263
5345	0.157784
5350	0.159438
5355	0.186066
5360	0.207795
5365	0.214586
5370	0.215754
5375	0.215868
5380	0.212929
5385	0.212662
5390	0.230128
5395	0.245129
5400	0.246869
5405	0.247786
5410	0.248617
5415	0.25147
5420	0.272968
5425	0.293839
5430	0.296151
5435	0.309796
5440	0.327105
5445	0.337803
5450	0.345993
5455	0.344144
5460	0.341369
5465	0.334637
5470	0.317684
5475	0.310909
5480	0.308679
5485	0.314918
5490	0.323563
5495	0.336604
5500	0.347255
5505	0.35289
5510	0.355782
5515	0.359012
5520	0.362566
5525	0.380059
5530	0.396914
5535	0.410135
5540	0.420685
5545	0.420387
5550	0.423745
5555	0.43219
5560	0.444334
5565	0.462039
5570	0.480375
5575	0.506078
5580	0.519272
5585	0.521953
5590	0.524026
5595	0.520068
5600	0.513571
5605	0.509813
5610	0.519637
5615	0.528509
5620	0.533172
5625	0.539003
5630	0.543134
5635	0.545097
5640	0.543576
5645	0.549396
5650	0.552793
5655	0.550705
5660	0.548973
5665	0.552151
5670	0.55266
5675	0.556853
5680	0.557805
5685	0.56156
5690	0.563401
5695	0.557684
5700	0.560098
5705	0.565126
5710	0.568002
5715	0.574068
5720	0.588289
5725	0.588771
5730	0.588089
5735	0.588003
Method1  Run Time = 55110 ms	( skip = 5 )
