Frame number	Queue Density
0	0.0661013
6	0.0895942
12	0.105112
18	0.109858
24	0.113369
30	0.122194
36	0.124291
42	0.125274
48	0.125263
54	0.124545
60	0.123248
66	0.12315
72	0.124126
78	0.127132
84	0.140009
90	0.173937
96	0.178381
102	0.180866
108	0.185392
114	0.206157
120	0.215272
126	0.214908
132	0.218043
138	0.22271
144	0.223462
150	0.224434
156	0.21916
162	0.212987
168	0.20803
174	0.20214
180	0.1987
186	0.195851
192	0.194279
198	0.194334
204	0.195279
210	0.195565
216	0.194389
222	0.195263
228	0.195624
234	0.196787
240	0.191188
246	0.193703
252	0.191967
258	0.193053
264	0.192877
270	0.192183
276	0.191583
282	0.189099
288	0.189232
294	0.188346
300	0.188593
306	0.18895
312	0.193539
318	0.194965
324	0.19569
330	0.195596
336	0.194844
342	0.197838
348	0.201459
354	0.198606
360	0.198284
366	0.197959
372	0.197751
378	0.197493
384	0.196352
390	0.199335
396	0.204817
402	0.2099
408	0.216126
414	0.23168
420	0.243636
426	0.256004
432	0.268406
438	0.275346
444	0.278477
450	0.293627
456	0.303479
462	0.311634
468	0.315905
474	0.319326
480	0.324562
486	0.326012
492	0.327771
498	0.325894
504	0.349959
510	0.370282
516	0.374941
522	0.384139
528	0.388747
534	0.392446
540	0.393853
546	0.396443
552	0.396741
558	0.391
564	0.385091
570	0.379942
576	0.397392
582	0.414062
588	0.426386
594	0.431559
600	0.439126
606	0.450581
612	0.463877
618	0.474454
624	0.491042
630	0.501505
636	0.507011
642	0.50774
648	0.510812
654	0.52169
660	0.531326
666	0.541676
672	0.544862
678	0.550301
684	0.553765
690	0.556638
696	0.556857
702	0.559114
708	0.561411
714	0.563127
720	0.556935
726	0.557555
732	0.555556
738	0.552303
744	0.546849
750	0.547805
756	0.547021
762	0.546272
768	0.544591
774	0.54128
780	0.541923
786	0.542581
792	0.551245
798	0.562559
804	0.570659
810	0.575111
816	0.58448
822	0.5957
828	0.599599
834	0.598262
840	0.597604
846	0.597028
852	0.597628
858	0.598513
864	0.599614
870	0.599128
876	0.600853
882	0.598956
888	0.598686
894	0.60097
900	0.603173
906	0.597961
912	0.598435
918	0.590382
924	0.589394
930	0.587611
936	0.590797
942	0.597173
948	0.5984
954	0.593023
960	0.596507
966	0.597314
972	0.599767
978	0.603102
984	0.599771
990	0.600884
996	0.6009
1002	0.596052
1008	0.593113
1014	0.596201
1020	0.595782
1026	0.594438
1032	0.59441
1038	0.593164
1044	0.595378
1050	0.595649
1056	0.594312
1062	0.589818
1068	0.589363
1074	0.590707
1080	0.591048
1086	0.589629
1092	0.593031
1098	0.594497
1104	0.594238
1110	0.594943
1116	0.594732
1122	0.594387
1128	0.596679
1134	0.59557
1140	0.591742
1146	0.593266
1152	0.59334
1158	0.595026
1164	0.598251
1170	0.594618
1176	0.592878
1182	0.59113
1188	0.587513
1194	0.58604
1200	0.585699
1206	0.585452
1212	0.585193
1218	0.58662
1224	0.58736
1230	0.587827
1236	0.586526
1242	0.588532
1248	0.590029
1254	0.589316
1260	0.585244
1266	0.585193
1272	0.586624
1278	0.589038
1284	0.588442
1290	0.592416
1296	0.594626
1302	0.593748
1308	0.592851
1314	0.586396
1320	0.585632
1326	0.584323
1332	0.584116
1338	0.58305
1344	0.586479
1350	0.589049
1356	0.593795
1362	0.59537
1368	0.594544
1374	0.589304
1380	0.585632
1386	0.579449
1392	0.580757
1398	0.579727
1404	0.579335
1410	0.573002
1416	0.575463
1422	0.57908
1428	0.58341
1434	0.588066
1440	0.587564
1446	0.593572
1452	0.591471
1458	0.592024
1464	0.584813
1470	0.576086
1476	0.568895
1482	0.554996
1488	0.540747
1494	0.523826
1500	0.515275
1506	0.50803
1512	0.494243
1518	0.48262
1524	0.47365
1530	0.473074
1536	0.469837
1542	0.469924
1548	0.468435
1554	0.461636
1560	0.466362
1566	0.467839
1572	0.46615
1578	0.483561
1584	0.493119
1590	0.487679
1596	0.49036
1602	0.504847
1608	0.510518
1614	0.488933
1620	0.466738
1626	0.462752
1632	0.467118
1638	0.464069
1644	0.449389
1650	0.449052
1656	0.443519
1662	0.437892
1668	0.436426
1674	0.420696
1680	0.415504
1686	0.410555
1692	0.425524
1698	0.453449
1704	0.466836
1710	0.446662
1716	0.451388
1722	0.438472
1728	0.425093
1734	0.414677
1740	0.421472
1746	0.399429
1752	0.387156
1758	0.380408
1764	0.362056
1770	0.370341
1776	0.354932
1782	0.335754
1788	0.312927
1794	0.280343
1800	0.259479
1806	0.254009
1812	0.236277
1818	0.225386
1824	0.2332
1830	0.244631
1836	0.236712
1842	0.221084
1848	0.188562
1854	0.146921
1860	0.149715
1866	0.148838
1872	0.185239
1878	0.191301
1884	0.212533
1890	0.251066
1896	0.281989
1902	0.3588
1908	0.39437
1914	0.359196
1920	0.325867
1926	0.294995
1932	0.248483
1938	0.217764
1944	0.188629
1950	0.155942
1956	0.103619
1962	0.0573233
1968	0.0222232
1974	0.00482397
1980	0.00492194
1986	0.00731237
1992	0.00669713
1998	0.00615634
2004	0.0374553
2010	0.114788
2016	0.199092
2022	0.278956
2028	0.33287
2034	0.319899
2040	0.274543
2046	0.219524
2052	0.171974
2058	0.137129
2064	0.0956996
2070	0.0544783
2076	0.0219489
2082	0.0150911
2088	0.0147658
2094	0.0140722
2100	0.0142681
2106	0.0292377
2112	0.0494859
2118	0.0700671
2124	0.103698
2130	0.140867
2136	0.168714
2142	0.18654
2148	0.193076
2154	0.214194
2160	0.233001
2166	0.215605
2172	0.187774
2178	0.14649
2184	0.10648
2190	0.0669125
2196	0.0339441
2202	0.0170348
2208	0.00578798
2214	0.00597608
2220	0.00511396
2226	0.00469073
2232	0.00502383
2238	0.00603486
2244	0.00524328
2250	0.00634836
2256	0.00681077
2262	0.00868001
2268	0.0221918
2274	0.0505087
2280	0.0647572
2286	0.0753378
2292	0.0762548
2298	0.077497
2304	0.0806594
2310	0.0675513
2316	0.0590398
2322	0.0481025
2328	0.034093
2334	0.0274939
2340	0.022039
2346	0.0160159
2352	0.0143857
2358	0.0125478
2364	0.0160081
2370	0.0159689
2376	0.0161335
2382	0.0133747
2388	0.0654822
2394	0.0673592
2400	0.0660465
2406	0.0661052
2412	0.0629115
2418	0.0402572
2424	0.0126575
2430	0.00244529
2436	0.0481065
2442	0.0564887
2448	0.0598196
2454	0.0606582
2460	0.0619044
2466	0.0369263
2472	0.0165175
2478	0.0129671
2484	0.0166311
2490	0.0201384
2496	0.0208399
2502	0.0214394
2508	0.0280543
2514	0.0596472
2520	0.0611441
2526	0.0660817
2532	0.0693617
2538	0.0698516
2544	0.072481
2550	0.06192
2556	0.0396028
2562	0.0172542
2568	0.00549016
2574	0.00483573
2580	0.00438115
2586	0.00531381
2592	0.00446736
2598	0.00393833
2604	0.00386388
2610	0.00581933
2616	0.00541962
2622	0.00482005
2628	0.0386741
2634	0.0511278
2640	0.0853933
2646	0.135906
2652	0.160849
2658	0.16588
2664	0.157169
2670	0.141588
2676	0.138524
2682	0.124275
2688	0.115822
2694	0.0848211
2700	0.0566611
2706	0.0404453
2712	0.0398614
2718	0.0390973
2724	0.0399124
2730	0.0597882
2736	0.0897979
2742	0.0967067
2748	0.100814
2754	0.103067
2760	0.108001
2766	0.11208
2772	0.114376
2778	0.115811
2784	0.119678
2790	0.120674
2796	0.119721
2802	0.121356
2808	0.123813
2814	0.122551
2820	0.123918
2826	0.125733
2832	0.125266
2838	0.124557
2844	0.125968
2850	0.125631
2856	0.126411
2862	0.12529
2868	0.126944
2874	0.128876
2880	0.129526
2886	0.132579
2892	0.134993
2898	0.133214
2904	0.130306
2910	0.130839
2916	0.129679
2922	0.130455
2928	0.13147
2934	0.136756
2940	0.1356
2946	0.142101
2952	0.152784
2958	0.162769
2964	0.170892
2970	0.183699
2976	0.1952
2982	0.207
2988	0.218634
2994	0.256979
3000	0.293016
3006	0.309177
3012	0.332431
3018	0.355692
3024	0.370913
3030	0.369024
3036	0.359925
3042	0.364423
3048	0.362045
3054	0.362774
3060	0.376818
3066	0.398673
3072	0.413921
3078	0.417009
3084	0.423491
3090	0.426935
3096	0.434408
3102	0.433738
3108	0.420888
3114	0.407949
3120	0.402094
3126	0.398893
3132	0.40285
3138	0.404457
3144	0.411625
3150	0.416119
3156	0.420559
3162	0.421296
3168	0.42226
3174	0.423287
3180	0.426112
3186	0.434326
3192	0.444342
3198	0.453653
3204	0.459229
3210	0.457552
3216	0.461122
3222	0.461494
3228	0.465002
3234	0.466926
3240	0.466816
3246	0.465848
3252	0.465762
3258	0.464304
3264	0.462733
3270	0.464602
3276	0.467439
3282	0.467729
3288	0.462517
3294	0.463908
3300	0.463426
3306	0.462886
3312	0.456102
3318	0.45631
3324	0.455381
3330	0.457376
3336	0.453136
3342	0.457384
3348	0.454637
3354	0.453567
3360	0.455628
3366	0.458943
3372	0.461342
3378	0.461381
3384	0.462666
3390	0.460092
3396	0.459175
3402	0.460969
3408	0.464598
3414	0.462196
3420	0.464567
3426	0.464296
3432	0.465064
3438	0.471346
3444	0.470978
3450	0.471338
3456	0.471095
3462	0.471319
3468	0.471291
3474	0.466561
3480	0.465723
3486	0.464144
3492	0.465006
3498	0.464888
3504	0.465531
3510	0.460722
3516	0.462012
3522	0.461933
3528	0.461847
3534	0.462133
3540	0.460366
3546	0.464735
3552	0.466949
3558	0.468909
3564	0.466702
3570	0.465292
3576	0.467549
3582	0.469332
3588	0.470241
3594	0.465499
3600	0.461886
3606	0.462235
3612	0.463955
3618	0.466749
3624	0.470676
3630	0.46981
3636	0.467858
3642	0.466342
3648	0.463254
3654	0.464249
3660	0.465437
3666	0.465053
3672	0.462212
3678	0.46298
3684	0.468446
3690	0.470194
3696	0.464622
3702	0.46265
3708	0.464481
3714	0.466699
3720	0.467529
3726	0.467537
3732	0.467114
3738	0.466577
3744	0.465554
3750	0.465503
3756	0.462807
3762	0.462635
3768	0.459057
3774	0.45419
3780	0.461906
3786	0.471217
3792	0.476648
3798	0.478059
3804	0.485622
3810	0.487824
3816	0.490513
3822	0.502202
3828	0.502755
3834	0.50395
3840	0.504557
3846	0.503691
3852	0.50404
3858	0.503366
3864	0.502234
3870	0.499001
3876	0.499318
3882	0.498899
3888	0.501579
3894	0.49371
3900	0.492492
3906	0.498103
3912	0.501736
3918	0.500396
3924	0.499687
3930	0.497151
3936	0.499157
3942	0.497755
3948	0.499016
3954	0.49924
3960	0.496747
3966	0.49982
3972	0.497143
3978	0.495117
3984	0.489894
3990	0.496038
3996	0.494455
4002	0.495729
4008	0.495243
4014	0.495533
4020	0.495352
4026	0.498029
4032	0.497155
4038	0.49721
4044	0.496179
4050	0.497073
4056	0.496951
4062	0.49654
4068	0.493891
4074	0.498064
4080	0.499142
4086	0.498174
4092	0.49661
4098	0.492613
4104	0.494055
4110	0.495795
4116	0.494337
4122	0.493855
4128	0.495266
4134	0.496461
4140	0.500811
4146	0.505851
4152	0.51823
4158	0.521349
4164	0.522803
4170	0.53242
4176	0.543028
4182	0.545387
4188	0.534998
4194	0.524367
4200	0.525609
4206	0.528434
4212	0.521733
4218	0.507536
4224	0.478757
4230	0.457537
4236	0.440996
4242	0.418138
4248	0.397043
4254	0.409861
4260	0.421504
4266	0.423067
4272	0.418953
4278	0.422233
4284	0.422456
4290	0.420626
4296	0.421751
4302	0.449515
4308	0.471448
4314	0.500263
4320	0.508606
4326	0.499232
4332	0.484411
4338	0.480402
4344	0.485215
4350	0.500078
4356	0.495948
4362	0.477248
4368	0.4676
4374	0.469156
4380	0.467463
4386	0.45109
4392	0.427919
4398	0.41311
4404	0.397309
4410	0.376442
4416	0.366018
4422	0.359305
4428	0.368091
4434	0.39113
4440	0.412745
4446	0.438793
4452	0.468967
4458	0.496857
4464	0.500392
4470	0.496277
4476	0.483933
4482	0.46472
4488	0.44377
4494	0.436732
4500	0.437625
4506	0.43866
4512	0.426704
4518	0.407573
4524	0.419384
4530	0.438601
4536	0.430066
4542	0.397713
4548	0.368268
4554	0.356378
4560	0.376125
4566	0.411197
4572	0.417855
4578	0.410092
4584	0.404289
4590	0.408564
4596	0.391228
4602	0.374545
4608	0.355771
4614	0.326384
4620	0.287949
4626	0.263892
4632	0.281005
4638	0.287816
4644	0.297887
4650	0.330064
4656	0.329829
4662	0.305779
4668	0.289321
4674	0.255447
4680	0.22668
4686	0.207105
4692	0.205718
4698	0.194228
4704	0.207074
4710	0.211259
4716	0.241963
4722	0.273963
4728	0.282506
4734	0.28233
4740	0.271349
4746	0.253605
4752	0.220809
4758	0.177527
4764	0.141376
4770	0.10927
4776	0.0760824
4782	0.0458806
4788	0.0164156
4794	0.00798248
4800	0.00212004
4806	0.00176735
4812	0.001881
4818	0.00202599
4824	0.00294297
4830	0.00263731
4836	0.00306054
4842	0.00304878
4848	0.00346809
4854	0.00305662
4860	0.00367578
4866	0.00319769
4872	0.00287244
4878	0.00286852
4884	0.00327607
4890	0.00310756
4896	0.00287244
4902	0.00290771
4908	0.00371105
4914	0.0031154
4920	0.0441956
4926	0.0642164
4932	0.109909
4938	0.111684
4944	0.114686
4950	0.101276
4956	0.082419
4962	0.065682
4968	0.066019
4974	0.0827834
4980	0.0844371
4986	0.0894374
4992	0.0892728
4998	0.0907032
5004	0.0760393
5010	0.0582756
5016	0.0271412
5022	0.0138136
5028	0.00914634
5034	0.0114702
5040	0.0116034
5046	0.0117601
5052	0.0273528
5058	0.0554698
5064	0.0931446
5070	0.150954
5076	0.201745
5082	0.212451
5088	0.210487
5094	0.194217
5100	0.164775
5106	0.134954
5112	0.0770307
5118	0.0324629
5124	0.00563123
5130	0.00270393
5136	0.00448696
5142	0.00362092
5148	0.00360132
5154	0.00347984
5160	0.0051649
5166	0.00435764
5172	0.00375807
5178	0.00376199
5184	0.00393442
5190	0.00325647
5196	0.000380118
5202	3.52687e-05
5208	0.000321337
5214	0.000740642
5220	0.0039109
5226	0.00294297
5232	0.00270001
5238	0.00271177
5244	0.00355038
5250	0.00310756
5256	0.00318594
5262	0.047213
5268	0.0570138
5274	0.0577505
5280	0.0585107
5286	0.0594355
5292	0.0886929
5298	0.112562
5304	0.118969
5310	0.122116
5316	0.122676
5322	0.123433
5328	0.126023
5334	0.154669
5340	0.157263
5346	0.157757
5352	0.167138
5358	0.202015
5364	0.213983
5370	0.215754
5376	0.215343
5382	0.21305
5388	0.223215
5394	0.241492
5400	0.246869
5406	0.248797
5412	0.249201
5418	0.266
5424	0.292467
5430	0.296151
5436	0.314087
5442	0.331447
5448	0.343415
5454	0.345884
5460	0.341369
5466	0.332748
5472	0.315212
5478	0.309334
5484	0.313013
5490	0.323563
5496	0.338709
5502	0.351397
5508	0.354525
5514	0.358945
5520	0.362566
5526	0.384041
5532	0.402941
5538	0.417209
5544	0.419795
5550	0.423745
5556	0.434326
5562	0.447728
5568	0.475719
5574	0.500247
5580	0.519272
5586	0.523497
5592	0.522599
5598	0.517642
5604	0.510353
5610	0.519637
5616	0.529598
5622	0.536766
5628	0.541723
5634	0.544196
5640	0.543576
5646	0.550885
5652	0.551645
5658	0.549874
5664	0.551598
5670	0.55266
5676	0.556536
5682	0.558605
5688	0.56386
5694	0.557586
5700	0.560098
5706	0.565823
5712	0.57004
5718	0.576474
5724	0.588783
5730	0.588089
5736	0.58798
Method1  Run Time = 50003.2 ms	( skip = 6 )
