Frame number	Queue Density
0	0.0661013
4	0.0765291
8	0.0994185
12	0.105112
16	0.108996
20	0.11132
24	0.113369
28	0.121728
32	0.122833
36	0.124291
40	0.125082
44	0.126336
48	0.125263
52	0.125306
56	0.123965
60	0.123248
64	0.122664
68	0.122363
72	0.124126
76	0.126207
80	0.130173
84	0.140009
88	0.164893
92	0.178534
96	0.178381
100	0.18114
104	0.179878
108	0.185392
112	0.200087
116	0.211851
120	0.215272
124	0.215088
128	0.215284
132	0.218043
136	0.221276
140	0.223353
144	0.223462
148	0.225026
152	0.223164
156	0.21916
160	0.214355
164	0.210711
168	0.20803
172	0.203528
176	0.200679
180	0.1987
184	0.196991
188	0.195482
192	0.194279
196	0.19473
200	0.194671
204	0.195279
208	0.194675
212	0.195181
216	0.194389
220	0.194871
224	0.195569
228	0.195624
232	0.196333
236	0.196008
240	0.191188
244	0.193178
248	0.193449
252	0.191967
256	0.192481
260	0.193069
264	0.192877
268	0.19299
272	0.192363
276	0.191583
280	0.189075
284	0.189146
288	0.189232
292	0.188354
296	0.188923
300	0.188593
304	0.189283
308	0.191434
312	0.193539
316	0.195541
320	0.195949
324	0.19569
328	0.196012
332	0.195345
336	0.194844
340	0.196501
344	0.1985
348	0.201459
352	0.19888
356	0.198222
360	0.198284
364	0.198155
368	0.197818
372	0.197751
376	0.197583
380	0.196744
384	0.196352
388	0.198857
392	0.200267
396	0.204817
400	0.208073
404	0.211526
408	0.216126
412	0.227557
416	0.235077
420	0.243636
424	0.252343
428	0.259456
432	0.268406
436	0.274641
440	0.276859
444	0.278477
448	0.289944
452	0.296884
456	0.303479
460	0.308072
464	0.3123
468	0.315905
472	0.315941
476	0.319714
480	0.324562
484	0.326192
488	0.326251
492	0.327771
496	0.32515
500	0.331141
504	0.349959
508	0.365368
512	0.371363
516	0.374941
520	0.382606
524	0.386509
528	0.388747
532	0.39035
536	0.392333
540	0.393853
544	0.395095
548	0.396937
552	0.396741
556	0.392587
560	0.38937
564	0.385091
568	0.384178
572	0.384969
576	0.397392
580	0.409344
584	0.417628
588	0.426386
592	0.432805
596	0.432888
600	0.439126
604	0.446294
608	0.453841
612	0.463877
616	0.471707
620	0.481362
624	0.491042
628	0.497829
632	0.502959
636	0.507011
640	0.507888
644	0.505937
648	0.510812
652	0.519065
656	0.524492
660	0.531326
664	0.539501
668	0.544576
672	0.544862
676	0.548001
680	0.551194
684	0.553765
688	0.556195
692	0.557492
696	0.556857
700	0.559036
704	0.559471
708	0.561411
712	0.563096
716	0.562955
720	0.556935
724	0.557758
728	0.557296
732	0.555556
736	0.552989
740	0.551841
744	0.546849
748	0.547801
752	0.547781
756	0.547021
760	0.546613
764	0.545916
768	0.544591
772	0.540747
776	0.541707
780	0.541923
784	0.543267
788	0.543819
792	0.551245
796	0.559044
800	0.565913
804	0.570659
808	0.573045
812	0.577195
816	0.58448
820	0.593901
824	0.596797
828	0.599599
832	0.599442
836	0.597984
840	0.597604
844	0.595958
848	0.597569
852	0.597628
856	0.598893
860	0.598498
864	0.599614
868	0.598987
872	0.599904
876	0.600853
880	0.5978
884	0.599395
888	0.598686
892	0.600461
896	0.60253
900	0.603173
904	0.597177
908	0.598921
912	0.598435
916	0.593027
920	0.589586
924	0.589394
928	0.587944
932	0.588274
936	0.590797
940	0.595433
944	0.597616
948	0.5984
952	0.597659
956	0.593658
960	0.596507
964	0.596691
968	0.597859
972	0.599767
976	0.602154
980	0.598545
984	0.599771
988	0.599203
992	0.600868
996	0.6009
1000	0.597255
1004	0.592149
1008	0.593113
1012	0.59782
1016	0.595155
1020	0.595782
1024	0.594755
1028	0.594986
1032	0.59441
1036	0.592043
1040	0.593638
1044	0.595378
1048	0.596174
1052	0.595229
1056	0.594312
1060	0.589676
1064	0.589798
1068	0.589363
1072	0.589108
1076	0.590942
1080	0.591048
1084	0.591753
1088	0.590358
1092	0.593031
1096	0.593403
1100	0.593795
1104	0.594238
1108	0.594446
1112	0.595374
1116	0.594732
1120	0.594328
1124	0.594551
1128	0.596679
1132	0.596762
1136	0.592678
1140	0.591742
1144	0.592188
1148	0.593435
1152	0.59334
1156	0.593007
1160	0.597197
1164	0.598251
1168	0.596346
1172	0.594305
1176	0.592878
1180	0.590499
1184	0.591914
1188	0.587513
1192	0.586091
1196	0.586032
1200	0.585699
1204	0.585421
1208	0.58595
1212	0.585193
1216	0.586538
1220	0.587333
1224	0.58736
1228	0.587294
1232	0.587317
1236	0.586526
1240	0.589077
1244	0.589171
1248	0.590029
1252	0.58874
1256	0.589128
1260	0.585244
1264	0.584876
1268	0.586244
1272	0.586624
1276	0.588383
1280	0.589457
1284	0.588442
1288	0.590617
1292	0.593411
1296	0.594626
1300	0.594751
1304	0.592388
1308	0.592851
1312	0.586957
1316	0.58544
1320	0.585632
1324	0.584802
1328	0.583939
1332	0.584116
1336	0.58383
1340	0.584465
1344	0.586479
1348	0.588328
1352	0.589994
1356	0.593795
1360	0.593438
1364	0.59481
1368	0.594544
1372	0.59113
1376	0.588305
1380	0.585632
1384	0.584833
1388	0.580503
1392	0.580757
1396	0.579695
1400	0.57955
1404	0.579335
1408	0.577446
1412	0.57265
1416	0.575463
1420	0.578473
1424	0.579876
1428	0.58341
1432	0.58738
1436	0.584602
1440	0.587564
1444	0.591158
1448	0.593372
1452	0.591471
1456	0.593023
1460	0.58914
1464	0.584813
1468	0.580126
1472	0.573261
1476	0.568895
1480	0.561011
1484	0.5538
1488	0.540747
1492	0.531812
1496	0.521404
1500	0.515275
1504	0.51254
1508	0.507054
1512	0.494243
1516	0.48612
1520	0.478372
1524	0.47365
1528	0.471581
1532	0.471981
1536	0.469837
1540	0.469418
1544	0.46912
1548	0.468435
1552	0.463183
1556	0.460848
1560	0.466362
1564	0.468043
1568	0.467431
1572	0.46615
1576	0.474242
1580	0.490634
1584	0.493119
1588	0.489921
1592	0.48619
1596	0.49036
1600	0.496928
1604	0.506999
1608	0.510518
1612	0.500827
1616	0.483263
1620	0.466738
1624	0.463705
1628	0.463991
1632	0.467118
1636	0.468148
1640	0.457309
1644	0.449389
1648	0.448519
1652	0.445392
1656	0.443519
1660	0.43777
1664	0.437586
1668	0.436426
1672	0.428303
1676	0.4188
1680	0.415504
1684	0.416641
1688	0.414822
1692	0.425524
1696	0.443135
1700	0.458465
1704	0.466836
1708	0.464845
1712	0.451235
1716	0.451388
1720	0.443903
1724	0.433954
1728	0.425093
1732	0.414086
1736	0.424725
1740	0.421472
1744	0.409787
1748	0.389386
1752	0.387156
1756	0.383849
1760	0.372664
1764	0.362056
1768	0.366767
1772	0.369741
1776	0.354932
1780	0.344081
1784	0.331122
1788	0.312927
1792	0.296519
1796	0.267822
1800	0.259479
1804	0.254201
1808	0.254671
1812	0.236277
1816	0.22878
1820	0.225484
1824	0.2332
1828	0.242935
1832	0.241884
1836	0.236712
1840	0.228
1844	0.213356
1848	0.188562
1852	0.160159
1856	0.148544
1860	0.149715
1864	0.143747
1868	0.163074
1872	0.185239
1876	0.186865
1880	0.198402
1884	0.212533
1888	0.236057
1892	0.262187
1896	0.281989
1900	0.326611
1904	0.377669
1908	0.39437
1912	0.378464
1916	0.348568
1920	0.325867
1924	0.312006
1928	0.281424
1932	0.248483
1936	0.228968
1940	0.209002
1944	0.188629
1948	0.167142
1952	0.139421
1956	0.103619
1960	0.074413
1964	0.0463626
1968	0.0222232
1972	0.0090758
1976	0.00557637
1980	0.00492194
1984	0.00516882
1988	0.00709684
1992	0.00669713
1996	0.00591338
2000	0.00701063
2004	0.0374553
2008	0.0774304
2012	0.138708
2016	0.199092
2020	0.247175
2024	0.302245
2028	0.33287
2032	0.329644
2036	0.311313
2040	0.274543
2044	0.237268
2048	0.205111
2052	0.171974
2056	0.146659
2060	0.130467
2064	0.0956996
2068	0.0708352
2072	0.043063
2076	0.0219489
2080	0.0154947
2084	0.0143073
2088	0.0147658
2092	0.0138959
2096	0.0147658
2100	0.0142681
2104	0.0232381
2108	0.0341714
2112	0.0494859
2116	0.060764
2120	0.0774147
2124	0.103698
2128	0.128249
2132	0.148787
2136	0.168714
2140	0.180936
2144	0.189275
2148	0.193076
2152	0.197842
2156	0.228745
2160	0.233001
2164	0.223302
2168	0.211353
2172	0.187774
2176	0.16193
2180	0.135447
2184	0.10648
2188	0.0839081
2192	0.0547331
2196	0.0339441
2200	0.0229521
2204	0.0133786
2208	0.00578798
2212	0.00604662
2216	0.00545097
2220	0.00511396
2224	0.00462411
2228	0.00468681
2232	0.00502383
2236	0.00581149
2240	0.00584284
2244	0.00524328
2248	0.00597216
2252	0.00717521
2256	0.00681077
2260	0.00962835
2264	0.00944417
2268	0.0221918
2272	0.0400613
2276	0.0549799
2280	0.0647572
2284	0.0717012
2288	0.0761764
2292	0.0762548
2296	0.0749969
2300	0.08131
2304	0.0806594
2308	0.0773285
2312	0.0678608
2316	0.0590398
2320	0.0537495
2324	0.0432355
2328	0.034093
2332	0.0298804
2336	0.0272
2340	0.022039
2344	0.0185905
2348	0.0132375
2352	0.0143857
2356	0.011768
2360	0.0157259
2364	0.0160081
2368	0.0160747
2372	0.015914
2376	0.0161335
2380	0.0152596
2384	0.0283482
2388	0.0654822
2392	0.0679314
2396	0.0667048
2400	0.0660465
2404	0.0661444
2408	0.0668733
2412	0.0629115
2416	0.0498229
2420	0.0306054
2424	0.0126575
2428	0.00251975
2432	0.00858988
2436	0.0481065
2440	0.0535222
2444	0.0575624
2448	0.0598196
2452	0.0606229
2456	0.0612186
2460	0.0619044
2464	0.0478439
2468	0.030625
2472	0.0165175
2476	0.0106159
2480	0.0142329
2484	0.0166311
2488	0.0200248
2492	0.0205342
2496	0.0208399
2500	0.0210672
2504	0.0220037
2508	0.0280543
2512	0.0498934
2516	0.0585969
2520	0.0611441
2524	0.0640871
2528	0.0686211
2532	0.0693617
2536	0.0693264
2540	0.069495
2544	0.072481
2548	0.0695812
2552	0.0571783
2556	0.0396028
2560	0.0271451
2564	0.0103259
2568	0.00549016
2572	0.00490626
2576	0.0046202
2580	0.00438115
2584	0.00438899
2588	0.00490234
2592	0.00446736
2596	0.00407549
2600	0.00392266
2604	0.00386388
2608	0.00383253
2612	0.00540003
2616	0.00541962
2620	0.00478478
2624	0.00821368
2628	0.0386741
2632	0.0479301
2636	0.0549251
2640	0.0853933
2644	0.115042
2648	0.150017
2652	0.160849
2656	0.163114
2660	0.168286
2664	0.157169
2668	0.14602
2672	0.142011
2676	0.138524
2680	0.128625
2684	0.123119
2688	0.115822
2692	0.0969497
2696	0.0747265
2700	0.0566611
2704	0.0448853
2708	0.0412722
2712	0.0398614
2716	0.0404571
2720	0.0400809
2724	0.0399124
2728	0.0468329
2732	0.0693421
2736	0.0897979
2740	0.094857
2744	0.0976511
2748	0.100814
2752	0.102389
2756	0.104709
2760	0.108001
2764	0.11003
2768	0.1121
2772	0.114376
2776	0.114984
2780	0.118405
2784	0.119678
2788	0.121363
2792	0.121791
2796	0.119721
2800	0.121293
2804	0.121983
2808	0.123813
2812	0.121677
2816	0.121959
2820	0.123918
2824	0.125752
2828	0.125259
2832	0.125266
2836	0.125082
2840	0.124761
2844	0.125968
2848	0.125439
2852	0.125443
2856	0.126411
2860	0.124847
2864	0.125517
2868	0.126944
2872	0.12888
2876	0.128366
2880	0.129526
2884	0.132857
2888	0.133445
2892	0.134993
2896	0.133343
2900	0.13183
2904	0.130306
2908	0.131403
2912	0.130768
2916	0.129679
2920	0.129424
2924	0.13069
2928	0.13147
2932	0.136255
2936	0.13486
2940	0.1356
2944	0.137963
2948	0.145899
2952	0.152784
2956	0.157753
2960	0.160943
2964	0.170892
2968	0.178267
2972	0.187042
2976	0.1952
2980	0.200561
2984	0.210589
2988	0.218634
2992	0.24373
2996	0.268395
3000	0.293016
3004	0.304133
3008	0.313613
3012	0.332431
3016	0.347992
3020	0.361214
3024	0.370913
3028	0.370768
3032	0.368138
3036	0.359925
3040	0.363244
3044	0.363338
3048	0.362045
3052	0.362864
3056	0.365454
3060	0.376818
3064	0.392415
3068	0.406879
3072	0.413921
3076	0.415387
3080	0.416535
3084	0.423491
3088	0.420058
3092	0.430254
3096	0.434408
3100	0.435094
3104	0.431645
3108	0.420888
3112	0.4126
3116	0.405793
3120	0.402094
3124	0.399512
3128	0.399884
3132	0.40285
3136	0.402674
3140	0.406025
3144	0.411625
3148	0.413717
3152	0.417087
3156	0.420559
3160	0.421966
3164	0.421762
3168	0.42226
3172	0.423804
3176	0.423165
3180	0.426112
3184	0.427488
3188	0.43605
3192	0.444342
3196	0.451368
3200	0.455746
3204	0.459229
3208	0.462615
3212	0.458328
3216	0.461122
3220	0.461126
3224	0.462204
3228	0.465002
3232	0.466362
3236	0.464214
3240	0.466816
3244	0.466561
3248	0.466267
3252	0.465762
3256	0.464316
3260	0.459802
3264	0.462733
3268	0.463936
3272	0.466119
3276	0.467439
3280	0.466989
3284	0.468043
3288	0.462517
3292	0.463023
3296	0.463783
3300	0.463426
3304	0.462537
3308	0.461992
3312	0.456102
3316	0.457874
3320	0.456302
3324	0.455381
3328	0.457262
3332	0.456447
3336	0.453136
3340	0.455753
3344	0.456051
3348	0.454637
3352	0.453246
3356	0.454057
3360	0.455628
3364	0.457744
3368	0.458606
3372	0.461342
3376	0.461722
3380	0.461828
3384	0.462666
3388	0.459515
3392	0.459014
3396	0.459175
3400	0.460119
3404	0.462415
3408	0.464598
3412	0.461694
3416	0.463258
3420	0.464567
3424	0.464767
3428	0.464465
3432	0.465064
3436	0.470688
3440	0.471812
3444	0.470978
3448	0.470915
3452	0.471589
3456	0.471095
3460	0.470351
3464	0.472436
3468	0.471291
3472	0.467706
3476	0.465832
3480	0.465723
3484	0.465108
3488	0.464649
3492	0.465006
3496	0.465688
3500	0.466166
3504	0.465531
3508	0.464226
3512	0.461267
3516	0.462012
3520	0.462063
3524	0.46202
3528	0.461847
3532	0.462031
3536	0.459884
3540	0.460366
3544	0.462294
3548	0.465166
3552	0.466949
3556	0.468717
3560	0.46742
3564	0.466702
3568	0.465746
3572	0.466718
3576	0.467549
3580	0.468803
3584	0.469798
3588	0.470241
3592	0.469363
3596	0.464825
3600	0.461886
3604	0.462149
3608	0.462556
3612	0.463955
3616	0.465347
3620	0.470253
3624	0.470676
3628	0.468223
3632	0.468485
3636	0.467858
3640	0.466977
3644	0.462427
3648	0.463254
3652	0.463959
3656	0.4647
3660	0.465437
3664	0.465225
3668	0.464688
3672	0.462212
3676	0.460887
3680	0.465546
3684	0.468446
3688	0.470492
3692	0.469387
3696	0.464622
3700	0.462423
3704	0.463387
3708	0.464481
3712	0.467079
3716	0.46787
3720	0.467529
3724	0.467702
3728	0.46729
3732	0.467114
3736	0.466597
3740	0.466475
3744	0.465554
3748	0.464868
3752	0.464916
3756	0.462807
3760	0.463779
3764	0.461589
3768	0.459057
3772	0.454382
3776	0.455601
3780	0.461906
3784	0.468583
3788	0.473799
3792	0.476648
3796	0.476029
3800	0.481225
3804	0.485622
3808	0.4865
3812	0.488906
3816	0.490513
3820	0.501313
3824	0.502508
3828	0.502755
3832	0.503656
3836	0.504507
3840	0.504557
3844	0.502947
3848	0.503915
3852	0.50404
3856	0.504197
3860	0.503468
3864	0.502234
3868	0.503104
3872	0.500364
3876	0.499318
3880	0.499628
3884	0.501501
3888	0.501579
3892	0.499804
3896	0.494945
3900	0.492492
3904	0.496528
3908	0.500235
3912	0.501736
3916	0.500619
3920	0.499201
3924	0.499687
3928	0.497143
3932	0.497982
3936	0.499157
3940	0.498985
3944	0.49721
3948	0.499016
3952	0.499118
3956	0.498354
3960	0.496747
3964	0.497731
3968	0.499608
3972	0.497143
3976	0.496579
3980	0.492437
3984	0.489894
3988	0.494181
3992	0.496591
3996	0.494455
4000	0.495109
4004	0.496085
4008	0.495243
4012	0.495043
4016	0.495395
4020	0.495352
4024	0.498389
4028	0.49819
4032	0.497155
4036	0.497766
4040	0.497602
4044	0.496179
4048	0.497343
4052	0.497492
4056	0.496951
4060	0.497112
4064	0.495615
4068	0.493891
4072	0.497496
4076	0.498154
4080	0.499142
4084	0.497864
4088	0.497053
4092	0.49661
4096	0.491771
4100	0.492719
4104	0.494055
4108	0.496218
4112	0.496348
4116	0.494337
4120	0.493181
4124	0.495235
4128	0.495266
4132	0.496708
4136	0.498487
4140	0.500811
4144	0.504072
4148	0.510483
4152	0.51823
4156	0.522278
4160	0.520895
4164	0.522803
4168	0.528811
4172	0.535363
4176	0.543028
4180	0.545301
4184	0.541938
4188	0.534998
4192	0.529735
4196	0.522031
4200	0.525609
4204	0.529347
4208	0.526024
4212	0.521733
4216	0.513531
4220	0.495603
4224	0.478757
4228	0.463172
4232	0.451129
4236	0.440996
4240	0.425991
4244	0.397431
4248	0.397043
4252	0.404046
4256	0.411119
4260	0.421504
4264	0.422871
4268	0.422985
4272	0.418953
4276	0.422805
4280	0.422315
4284	0.422456
4288	0.423538
4292	0.418067
4296	0.421751
4300	0.440169
4304	0.45937
4308	0.471448
4312	0.492735
4316	0.507132
4320	0.508606
4324	0.50484
4328	0.492703
4332	0.484411
4336	0.480191
4340	0.481245
4344	0.485215
4348	0.496418
4352	0.502872
4356	0.495948
4360	0.480128
4364	0.472679
4368	0.4676
4372	0.470484
4376	0.469638
4380	0.467463
4384	0.457732
4388	0.441368
4392	0.427919
4396	0.418122
4400	0.410523
4404	0.397309
4408	0.385608
4412	0.371493
4416	0.366018
4420	0.364188
4424	0.360877
4428	0.368091
4432	0.385726
4436	0.39778
4440	0.412745
4444	0.426441
4448	0.453026
4452	0.468967
4456	0.487178
4460	0.502477
4464	0.500392
4468	0.496626
4472	0.494635
4476	0.483933
4480	0.473008
4484	0.455221
4488	0.44377
4492	0.437331
4496	0.435047
4500	0.437625
4504	0.439691
4508	0.432892
4512	0.426704
4516	0.413831
4520	0.400405
4524	0.419384
4528	0.431159
4532	0.442179
4536	0.430066
4540	0.40807
4544	0.384828
4548	0.368268
4552	0.356747
4556	0.360215
4560	0.376125
4564	0.401209
4568	0.416989
4572	0.417855
4576	0.414454
4580	0.406467
4584	0.404289
4588	0.410022
4592	0.409732
4596	0.391228
4600	0.380416
4604	0.368789
4608	0.355771
4612	0.334308
4616	0.314581
4620	0.287949
4624	0.26796
4628	0.261247
4632	0.281005
4636	0.289795
4640	0.290896
4644	0.297887
4648	0.323296
4652	0.333932
4656	0.329829
4660	0.3119
4664	0.301488
4668	0.289321
4672	0.262556
4676	0.247602
4680	0.22668
4684	0.209641
4688	0.206729
4692	0.205718
4696	0.193378
4700	0.196251
4704	0.207074
4708	0.207262
4712	0.2176
4716	0.241963
4720	0.266984
4724	0.27963
4728	0.282506
4732	0.282796
4736	0.278117
4740	0.271349
4744	0.257395
4748	0.246516
4752	0.220809
4756	0.191195
4760	0.163525
4764	0.141376
4768	0.119482
4772	0.100908
4776	0.0760824
4780	0.0551798
4784	0.0379021
4788	0.0164156
4792	0.00878582
4796	0.00428318
4800	0.00212004
4804	0.0018183
4808	0.00167722
4812	0.001881
4816	0.00201815
4820	0.00347592
4824	0.00294297
4828	0.00272352
4832	0.00263731
4836	0.00306054
4840	0.00279798
4844	0.00291162
4848	0.00346809
4852	0.00331134
4856	0.00299392
4860	0.00367578
4864	0.00340147
4868	0.00300176
4872	0.00287244
4876	0.00282541
4880	0.00286852
4884	0.00327607
4888	0.00299
4892	0.00315459
4896	0.00287244
4900	0.00294297
4904	0.00285284
4908	0.00371105
4912	0.00323688
4916	0.011094
4920	0.0441956
4924	0.0506615
4928	0.082274
4932	0.109909
4936	0.110755
4940	0.112652
4944	0.114686
4948	0.108921
4952	0.094089
4956	0.082419
4960	0.0751379
4964	0.0569197
4968	0.066019
4972	0.0752359
4976	0.0863534
4980	0.0844371
4984	0.0893316
4988	0.087337
4992	0.0892728
4996	0.0897352
5000	0.085213
5004	0.0760393
5008	0.0696047
5012	0.0487139
5016	0.0271412
5020	0.0161178
5024	0.0138802
5028	0.00914634
5032	0.00985171
5036	0.0113996
5040	0.0116034
5044	0.0120893
5048	0.0142721
5052	0.0273528
5056	0.0395636
5060	0.0642125
5064	0.0931446
5068	0.127242
5072	0.163705
5076	0.201745
5080	0.211271
5084	0.213505
5088	0.210487
5092	0.20147
5096	0.187194
5100	0.164775
5104	0.149143
5108	0.114459
5112	0.0770307
5116	0.0481652
5120	0.0222859
5124	0.00563123
5128	0.00254718
5132	0.00289203
5136	0.00448696
5140	0.00389915
5144	0.00362484
5148	0.00360132
5152	0.00346025
5156	0.00346417
5160	0.0051649
5164	0.00450655
5168	0.00402847
5172	0.00375807
5176	0.00368362
5180	0.00367186
5184	0.00393442
5188	0.00351119
5192	0.00289595
5196	0.000380118
5200	7.83748e-06
5204	0.000192018
5208	0.000321337
5212	0.000634836
5216	0.000791586
5220	0.0039109
5224	0.00327999
5228	0.00275487
5232	0.00270001
5236	0.00265299
5240	0.00279406
5244	0.00355038
5248	0.00312324
5252	0.00308797
5256	0.00318594
5260	0.0357859
5264	0.0532674
5268	0.0570138
5272	0.0574683
5276	0.0580483
5280	0.0585107
5284	0.0588987
5288	0.0599097
5292	0.0886929
5296	0.109976
5300	0.114466
5304	0.118969
5308	0.121332
5312	0.12268
5316	0.122676
5320	0.123668
5324	0.123491
5328	0.126023
5332	0.147952
5336	0.156624
5340	0.157263
5344	0.157357
5348	0.157361
5352	0.167138
5356	0.192892
5360	0.207795
5364	0.213983
5368	0.214606
5372	0.21595
5376	0.215343
5380	0.212929
5384	0.211122
5388	0.223215
5392	0.237683
5396	0.247245
5400	0.246869
5404	0.247406
5408	0.248389
5412	0.249201
5416	0.25618
5420	0.272968
5424	0.292467
5428	0.295504
5432	0.301065
5436	0.314087
5440	0.327105
5444	0.335393
5448	0.343415
5452	0.345821
5456	0.344622
5460	0.341369
5464	0.335746
5468	0.329347
5472	0.315212
5476	0.309498
5480	0.308679
5484	0.313013
5488	0.319585
5492	0.328516
5496	0.338709
5500	0.347255
5504	0.352961
5508	0.354525
5512	0.357879
5516	0.359188
5520	0.362566
5524	0.378206
5528	0.390483
5532	0.402941
5536	0.4132
5540	0.420685
5544	0.419795
5548	0.422366
5552	0.425822
5556	0.434326
5560	0.444334
5564	0.456165
5568	0.475719
5572	0.491594
5576	0.508288
5580	0.519272
5584	0.522243
5588	0.524813
5592	0.522599
5596	0.519296
5600	0.513571
5604	0.510353
5608	0.516122
5612	0.523387
5616	0.529598
5620	0.533172
5624	0.538815
5628	0.541723
5632	0.544826
5636	0.545469
5640	0.543576
5644	0.549153
5648	0.552609
5652	0.551645
5656	0.549635
5660	0.548973
5664	0.551598
5668	0.553542
5672	0.554902
5676	0.556536
5680	0.557805
5684	0.560564
5688	0.56386
5692	0.56308
5696	0.55728
5700	0.560098
5704	0.564083
5708	0.566619
5712	0.57004
5716	0.57506
5720	0.588289
5724	0.588783
5728	0.588019
5732	0.587901
5736	0.58798
Method1  Run Time = 62581.9 ms	( skip = 4 )
