Frame number	Queue Density
0	0.0661013
2	0.0622649
4	0.0765291
6	0.0895942
8	0.0994185
10	0.102655
12	0.105112
14	0.107048
16	0.108996
18	0.109858
20	0.11132
22	0.112558
24	0.113369
26	0.117621
28	0.121728
30	0.122194
32	0.122833
34	0.123448
36	0.124291
38	0.124663
40	0.125082
42	0.125274
44	0.126336
46	0.125157
48	0.125263
50	0.12529
52	0.125306
54	0.124545
56	0.123965
58	0.123746
60	0.123248
62	0.123362
64	0.122664
66	0.12315
68	0.122363
70	0.123581
72	0.124126
74	0.125004
76	0.126207
78	0.127132
80	0.130173
82	0.132638
84	0.140009
86	0.15028
88	0.164893
90	0.173937
92	0.178534
94	0.177429
96	0.178381
98	0.180482
100	0.18114
102	0.180866
104	0.179878
106	0.180364
108	0.185392
110	0.191137
112	0.200087
114	0.206157
116	0.211851
118	0.214034
120	0.215272
122	0.215578
124	0.215088
126	0.214908
128	0.215284
130	0.216193
132	0.218043
134	0.219571
136	0.221276
138	0.22271
140	0.223353
142	0.223866
144	0.223462
146	0.22481
148	0.225026
150	0.224434
152	0.223164
154	0.220645
156	0.21916
158	0.216522
160	0.214355
162	0.212987
164	0.210711
166	0.209112
168	0.20803
170	0.205236
172	0.203528
174	0.20214
176	0.200679
178	0.19926
180	0.1987
182	0.198182
184	0.196991
186	0.195851
188	0.195482
190	0.195075
192	0.194279
194	0.193347
196	0.19473
198	0.194334
200	0.194671
202	0.194997
204	0.195279
206	0.194511
208	0.194675
210	0.195565
212	0.195181
214	0.194781
216	0.194389
218	0.194428
220	0.194871
222	0.195263
224	0.195569
226	0.195232
228	0.195624
230	0.19558
232	0.196333
234	0.196787
236	0.196008
238	0.193072
240	0.191188
242	0.19252
244	0.193178
246	0.193703
248	0.193449
250	0.192418
252	0.191967
254	0.192152
256	0.192481
258	0.193053
260	0.193069
262	0.192771
264	0.192877
266	0.192873
268	0.19299
270	0.192183
272	0.192363
274	0.192606
276	0.191583
278	0.19
280	0.189075
282	0.189099
284	0.189146
286	0.189185
288	0.189232
290	0.188589
292	0.188354
294	0.188346
296	0.188923
298	0.189001
300	0.188593
302	0.18893
304	0.189283
306	0.18895
308	0.191434
310	0.193633
312	0.193539
314	0.195196
316	0.195541
318	0.194965
320	0.195949
322	0.1962
324	0.19569
326	0.195545
328	0.196012
330	0.195596
332	0.195345
334	0.195142
336	0.194844
338	0.19513
340	0.196501
342	0.197838
344	0.1985
346	0.201658
348	0.201459
350	0.200749
352	0.19888
354	0.198606
356	0.198222
358	0.198237
360	0.198284
362	0.198175
364	0.198155
366	0.197959
368	0.197818
370	0.19794
372	0.197751
374	0.197461
376	0.197583
378	0.197493
380	0.196744
382	0.196204
384	0.196352
386	0.196615
388	0.198857
390	0.199335
392	0.200267
394	0.204014
396	0.204817
398	0.206369
400	0.208073
402	0.2099
404	0.211526
406	0.213618
408	0.216126
410	0.221581
412	0.227557
414	0.23168
416	0.235077
418	0.238252
420	0.243636
422	0.246889
424	0.252343
426	0.256004
428	0.259456
430	0.264911
432	0.268406
434	0.271643
436	0.274641
438	0.275346
440	0.276859
442	0.280374
444	0.278477
446	0.283454
448	0.289944
450	0.293627
452	0.296884
454	0.30201
456	0.303479
458	0.306046
460	0.308072
462	0.311634
464	0.3123
466	0.313107
468	0.315905
470	0.314314
472	0.315941
474	0.319326
476	0.319714
478	0.321944
480	0.324562
482	0.324527
484	0.326192
486	0.326012
488	0.326251
490	0.326941
492	0.327771
494	0.324374
496	0.32515
498	0.325894
500	0.331141
502	0.342157
504	0.349959
506	0.355724
508	0.365368
510	0.370282
512	0.371363
514	0.37326
516	0.374941
518	0.376219
520	0.382606
522	0.384139
524	0.386509
526	0.387673
528	0.388747
530	0.388927
532	0.39035
534	0.392446
536	0.392333
538	0.392478
540	0.393853
542	0.39495
544	0.395095
546	0.396443
548	0.396937
550	0.397521
552	0.396741
554	0.393708
556	0.392587
558	0.391
560	0.38937
562	0.387803
564	0.385091
566	0.384762
568	0.384178
570	0.379942
572	0.384969
574	0.392489
576	0.397392
578	0.40209
580	0.409344
582	0.414062
584	0.417628
586	0.422299
588	0.426386
590	0.429776
592	0.432805
594	0.431559
596	0.432888
598	0.437598
600	0.439126
602	0.442022
604	0.446294
606	0.450581
608	0.453841
610	0.45937
612	0.463877
614	0.468297
616	0.471707
618	0.474454
620	0.481362
622	0.485932
624	0.491042
626	0.494247
628	0.497829
630	0.501505
632	0.502959
634	0.505345
636	0.507011
638	0.507826
640	0.507888
642	0.50774
644	0.505937
646	0.507183
648	0.510812
650	0.514437
652	0.519065
654	0.52169
656	0.524492
658	0.527619
660	0.531326
662	0.535034
664	0.539501
666	0.541676
668	0.544576
670	0.542542
672	0.544862
674	0.546233
676	0.548001
678	0.550301
680	0.551194
682	0.553734
684	0.553765
686	0.555094
688	0.556195
690	0.556638
692	0.557492
694	0.555395
696	0.556857
698	0.558652
700	0.559036
702	0.559114
704	0.559471
706	0.560909
708	0.561411
710	0.56156
712	0.563096
714	0.563127
716	0.562955
718	0.563358
720	0.556935
722	0.557731
724	0.557758
726	0.557555
728	0.557296
730	0.556418
732	0.555556
734	0.554314
736	0.552989
738	0.552303
740	0.551841
742	0.551982
744	0.546849
746	0.547142
748	0.547801
750	0.547805
752	0.547781
754	0.547479
756	0.547021
758	0.547311
760	0.546613
762	0.546272
764	0.545916
766	0.545532
768	0.544591
770	0.540057
772	0.540747
774	0.54128
776	0.541707
778	0.542471
780	0.541923
782	0.54271
784	0.543267
786	0.542581
788	0.543819
790	0.546974
792	0.551245
794	0.553401
796	0.559044
798	0.562559
800	0.565913
802	0.569162
804	0.570659
806	0.570992
808	0.573045
810	0.575111
812	0.577195
814	0.582027
816	0.58448
818	0.587133
820	0.593901
822	0.5957
824	0.596797
826	0.598098
828	0.599599
830	0.599951
832	0.599442
834	0.598262
836	0.597984
838	0.597988
840	0.597604
842	0.59751
844	0.595958
846	0.597028
848	0.597569
850	0.597424
852	0.597628
854	0.597773
856	0.598893
858	0.598513
860	0.598498
862	0.59885
864	0.599614
866	0.599822
868	0.598987
870	0.599128
872	0.599904
874	0.600802
876	0.600853
878	0.601676
880	0.5978
882	0.598956
884	0.599395
886	0.599011
888	0.598686
890	0.599642
892	0.600461
894	0.60097
896	0.60253
898	0.603055
900	0.603173
902	0.601386
904	0.597177
906	0.597961
908	0.598921
910	0.59914
912	0.598435
914	0.596432
916	0.593027
918	0.590382
920	0.589586
922	0.589289
924	0.589394
926	0.589081
928	0.587944
930	0.587611
932	0.588274
934	0.589179
936	0.590797
938	0.593058
940	0.595433
942	0.597173
944	0.597616
946	0.598337
948	0.5984
950	0.597757
952	0.597659
954	0.593023
956	0.593658
958	0.596699
960	0.596507
962	0.597318
964	0.596691
966	0.597314
968	0.597859
970	0.59905
972	0.599767
974	0.601476
976	0.602154
978	0.603102
980	0.598545
982	0.59932
984	0.599771
986	0.599799
988	0.599203
990	0.600884
992	0.600868
994	0.601374
996	0.6009
998	0.598858
1000	0.597255
1002	0.596052
1004	0.592149
1006	0.592424
1008	0.593113
1010	0.597251
1012	0.59782
1014	0.596201
1016	0.595155
1018	0.595433
1020	0.595782
1022	0.595461
1024	0.594755
1026	0.594438
1028	0.594986
1030	0.594359
1032	0.59441
1034	0.593807
1036	0.592043
1038	0.593164
1040	0.593638
1042	0.594575
1044	0.595378
1046	0.596178
1048	0.596174
1050	0.595649
1052	0.595229
1054	0.594724
1056	0.594312
1058	0.594316
1060	0.589676
1062	0.589818
1064	0.589798
1066	0.589802
1068	0.589363
1070	0.589406
1072	0.589108
1074	0.590707
1076	0.590942
1078	0.59084
1080	0.591048
1082	0.591746
1084	0.591753
1086	0.589629
1088	0.590358
1090	0.591154
1092	0.593031
1094	0.593862
1096	0.593403
1098	0.594497
1100	0.593795
1102	0.59472
1104	0.594238
1106	0.593979
1108	0.594446
1110	0.594943
1112	0.595374
1114	0.594845
1116	0.594732
1118	0.59396
1120	0.594328
1122	0.594387
1124	0.594551
1126	0.594783
1128	0.596679
1130	0.597494
1132	0.596762
1134	0.59557
1136	0.592678
1138	0.593435
1140	0.591742
1142	0.592102
1144	0.592188
1146	0.593266
1148	0.593435
1150	0.594011
1152	0.59334
1154	0.59231
1156	0.593007
1158	0.595026
1160	0.597197
1162	0.596436
1164	0.598251
1166	0.597483
1168	0.596346
1170	0.594618
1172	0.594305
1174	0.594238
1176	0.592878
1178	0.591718
1180	0.590499
1182	0.59113
1184	0.591914
1186	0.587897
1188	0.587513
1190	0.586498
1192	0.586091
1194	0.58604
1196	0.586032
1198	0.58586
1200	0.585699
1202	0.585389
1204	0.585421
1206	0.585452
1208	0.58595
1210	0.584817
1212	0.585193
1214	0.586173
1216	0.586538
1218	0.58662
1220	0.587333
1222	0.58749
1224	0.58736
1226	0.58758
1228	0.587294
1230	0.587827
1232	0.587317
1234	0.588857
1236	0.586526
1238	0.588121
1240	0.589077
1242	0.588532
1244	0.589171
1246	0.590558
1248	0.590029
1250	0.589837
1252	0.58874
1254	0.589316
1256	0.589128
1258	0.588618
1260	0.585244
1262	0.585221
1264	0.584876
1266	0.585193
1268	0.586244
1270	0.586154
1272	0.586624
1274	0.587666
1276	0.588383
1278	0.589038
1280	0.589457
1282	0.588258
1284	0.588442
1286	0.588638
1288	0.590617
1290	0.592416
1292	0.593411
1294	0.595551
1296	0.594626
1298	0.595296
1300	0.594751
1302	0.593748
1304	0.592388
1306	0.592827
1308	0.592851
1310	0.587008
1312	0.586957
1314	0.586396
1316	0.58544
1318	0.585479
1320	0.585632
1322	0.585813
1324	0.584802
1326	0.584323
1328	0.583939
1330	0.584026
1332	0.584116
1334	0.583599
1336	0.58383
1338	0.58305
1340	0.584465
1342	0.584774
1344	0.586479
1346	0.587404
1348	0.588328
1350	0.589049
1352	0.589994
1354	0.592361
1356	0.593795
1358	0.59454
1360	0.593438
1362	0.59537
1364	0.59481
1366	0.594132
1368	0.594544
1370	0.59358
1372	0.59113
1374	0.589304
1376	0.588305
1378	0.587149
1380	0.585632
1382	0.585045
1384	0.584833
1386	0.579449
1388	0.580503
1390	0.580949
1392	0.580757
1394	0.580699
1396	0.579695
1398	0.579727
1400	0.57955
1402	0.579543
1404	0.579335
1406	0.577771
1408	0.577446
1410	0.573002
1412	0.57265
1414	0.57377
1416	0.575463
1418	0.576995
1420	0.578473
1422	0.57908
1424	0.579876
1426	0.580597
1428	0.58341
1430	0.584986
1432	0.58738
1434	0.588066
1436	0.584602
1438	0.585883
1440	0.587564
1442	0.589966
1444	0.591158
1446	0.593572
1448	0.593372
1450	0.593023
1452	0.591471
1454	0.592984
1456	0.593023
1458	0.592024
1460	0.58914
1462	0.588834
1464	0.584813
1466	0.582881
1468	0.580126
1470	0.576086
1472	0.573261
1474	0.570373
1476	0.568895
1478	0.563648
1480	0.561011
1482	0.554996
1484	0.5538
1486	0.546849
1488	0.540747
1490	0.535492
1492	0.531812
1494	0.523826
1496	0.521404
1498	0.515307
1500	0.515275
1502	0.511623
1504	0.51254
1506	0.50803
1508	0.507054
1510	0.496916
1512	0.494243
1514	0.491633
1516	0.48612
1518	0.48262
1520	0.478372
1522	0.474599
1524	0.47365
1526	0.470292
1528	0.471581
1530	0.473074
1532	0.471981
1534	0.471385
1536	0.469837
1538	0.46912
1540	0.469418
1542	0.469924
1544	0.46912
1546	0.467835
1548	0.468435
1550	0.465684
1552	0.463183
1554	0.461636
1556	0.460848
1558	0.462329
1560	0.466362
1562	0.469594
1564	0.468043
1566	0.467839
1568	0.467431
1570	0.467898
1572	0.46615
1574	0.468572
1576	0.474242
1578	0.483561
1580	0.490634
1582	0.492982
1584	0.493119
1586	0.491461
1588	0.489921
1590	0.487679
1592	0.48619
1594	0.485771
1596	0.49036
1598	0.491453
1600	0.496928
1602	0.504847
1604	0.506999
1606	0.509816
1608	0.510518
1610	0.499867
1612	0.500827
1614	0.488933
1616	0.483263
1618	0.475598
1620	0.466738
1622	0.464465
1624	0.463705
1626	0.462752
1628	0.463991
1630	0.464324
1632	0.467118
1634	0.468964
1636	0.468148
1638	0.464069
1640	0.457309
1642	0.45015
1644	0.449389
1646	0.448774
1648	0.448519
1650	0.449052
1652	0.445392
1654	0.443915
1656	0.443519
1658	0.445185
1660	0.43777
1662	0.437892
1664	0.437586
1666	0.438601
1668	0.436426
1670	0.431273
1672	0.428303
1674	0.420696
1676	0.4188
1678	0.418388
1680	0.415504
1682	0.415543
1684	0.416641
1686	0.410555
1688	0.414822
1690	0.419717
1692	0.425524
1694	0.43382
1696	0.443135
1698	0.453449
1700	0.458465
1702	0.462917
1704	0.466836
1706	0.466961
1708	0.464845
1710	0.446662
1712	0.451235
1714	0.45102
1716	0.451388
1718	0.446192
1720	0.443903
1722	0.438472
1724	0.433954
1726	0.430509
1728	0.425093
1730	0.41695
1732	0.414086
1734	0.414677
1736	0.424725
1738	0.423212
1740	0.421472
1742	0.417957
1744	0.409787
1746	0.399429
1748	0.389386
1750	0.386055
1752	0.387156
1754	0.386333
1756	0.383849
1758	0.380408
1760	0.372664
1762	0.370235
1764	0.362056
1766	0.363271
1768	0.366767
1770	0.370341
1772	0.369741
1774	0.364255
1776	0.354932
1778	0.349462
1780	0.344081
1782	0.335754
1784	0.331122
1786	0.321693
1788	0.312927
1790	0.306881
1792	0.296519
1794	0.280343
1796	0.267822
1798	0.260592
1800	0.259479
1802	0.255663
1804	0.254201
1806	0.254009
1808	0.254671
1810	0.242221
1812	0.236277
1814	0.232848
1816	0.22878
1818	0.225386
1820	0.225484
1822	0.22965
1824	0.2332
1826	0.23679
1828	0.242935
1830	0.244631
1832	0.241884
1834	0.240368
1836	0.236712
1838	0.231633
1840	0.228
1842	0.221084
1844	0.213356
1846	0.20455
1848	0.188562
1850	0.173342
1852	0.160159
1854	0.146921
1856	0.148544
1858	0.152588
1860	0.149715
1862	0.14894
1864	0.143747
1866	0.148838
1868	0.163074
1870	0.177205
1872	0.185239
1874	0.185494
1876	0.186865
1878	0.191301
1880	0.198402
1882	0.203406
1884	0.212533
1886	0.22182
1888	0.236057
1890	0.251066
1892	0.262187
1894	0.272223
1896	0.281989
1898	0.303648
1900	0.326611
1902	0.3588
1904	0.377669
1906	0.389186
1908	0.39437
1910	0.387344
1912	0.378464
1914	0.359196
1916	0.348568
1918	0.339147
1920	0.325867
1922	0.319644
1924	0.312006
1926	0.294995
1928	0.281424
1930	0.267043
1932	0.248483
1934	0.238914
1936	0.228968
1938	0.217764
1940	0.209002
1942	0.201901
1944	0.188629
1946	0.176238
1948	0.167142
1950	0.155942
1952	0.139421
1954	0.124134
1956	0.103619
1958	0.0891122
1960	0.074413
1962	0.0573233
1964	0.0463626
1966	0.0351276
1968	0.0222232
1970	0.0149931
1972	0.0090758
1974	0.00482397
1976	0.00557637
1978	0.00555677
1980	0.00492194
1982	0.00500031
1984	0.00516882
1986	0.00731237
1988	0.00709684
1990	0.00692442
1992	0.00669713
1994	0.00663051
1996	0.00591338
1998	0.00615634
2000	0.00701063
2002	0.0170622
2004	0.0374553
2006	0.056763
2008	0.0774304
2010	0.114788
2012	0.138708
2014	0.164658
2016	0.199092
2018	0.225543
2020	0.247175
2022	0.278956
2024	0.302245
2026	0.316666
2028	0.33287
2030	0.338289
2032	0.329644
2034	0.319899
2036	0.311313
2038	0.296186
2040	0.274543
2042	0.256117
2044	0.237268
2046	0.219524
2048	0.205111
2050	0.191752
2052	0.171974
2054	0.158787
2056	0.146659
2058	0.137129
2060	0.130467
2062	0.114651
2064	0.0956996
2066	0.0838415
2068	0.0708352
2070	0.0544783
2072	0.043063
2074	0.0328704
2076	0.0219489
2078	0.0167291
2080	0.0154947
2082	0.0150911
2084	0.0143073
2086	0.0143426
2088	0.0147658
2090	0.014178
2092	0.0138959
2094	0.0140722
2096	0.0147658
2098	0.0142799
2100	0.0142681
2102	0.0181163
2104	0.0232381
2106	0.0292377
2108	0.0341714
2110	0.0423577
2112	0.0494859
2114	0.0545606
2116	0.060764
2118	0.0700671
2120	0.0774147
2122	0.0881834
2124	0.103698
2126	0.117315
2128	0.128249
2130	0.140867
2132	0.148787
2134	0.159171
2136	0.168714
2138	0.174807
2140	0.180936
2142	0.18654
2144	0.189275
2146	0.190255
2148	0.193076
2150	0.196035
2152	0.197842
2154	0.214194
2156	0.228745
2158	0.23773
2160	0.233001
2162	0.228451
2164	0.223302
2166	0.215605
2168	0.211353
2170	0.202936
2172	0.187774
2174	0.174627
2176	0.16193
2178	0.14649
2180	0.135447
2182	0.123491
2184	0.10648
2186	0.0967224
2188	0.0839081
2190	0.0669125
2192	0.0547331
2194	0.0453869
2196	0.0339441
2198	0.0268238
2200	0.0229521
2202	0.0170348
2204	0.0133786
2206	0.0101064
2208	0.00578798
2210	0.00680293
2212	0.00604662
2214	0.00597608
2216	0.00545097
2218	0.00507477
2220	0.00511396
2222	0.00496504
2224	0.00462411
2226	0.00469073
2228	0.00468681
2230	0.00499248
2232	0.00502383
2234	0.00518841
2236	0.00581149
2238	0.00603486
2240	0.00584284
2242	0.00567826
2244	0.00524328
2246	0.00610148
2248	0.00597216
2250	0.00634836
2252	0.00717521
2254	0.0074025
2256	0.00681077
2258	0.0078414
2260	0.00962835
2262	0.00868001
2264	0.00944417
2266	0.0120345
2268	0.0221918
2270	0.0308052
2272	0.0400613
2274	0.0505087
2276	0.0549799
2278	0.0595845
2280	0.0647572
2282	0.0688013
2284	0.0717012
2286	0.0753378
2288	0.0761764
2290	0.0760275
2292	0.0762548
2294	0.0753496
2296	0.0749969
2298	0.077497
2300	0.08131
2302	0.0809063
2304	0.0806594
2306	0.0781946
2308	0.0773285
2310	0.0675513
2312	0.0678608
2314	0.0638637
2316	0.0590398
2318	0.0563084
2320	0.0537495
2322	0.0481025
2324	0.0432355
2326	0.0373338
2328	0.034093
2330	0.0334504
2332	0.0298804
2334	0.0274939
2336	0.0272
2338	0.0250917
2340	0.022039
2342	0.0200248
2344	0.0185905
2346	0.0160159
2348	0.0132375
2350	0.0157925
2352	0.0143857
2354	0.0125831
2356	0.011768
2358	0.0125478
2360	0.0157259
2362	0.015675
2364	0.0160081
2366	0.0163137
2368	0.0160747
2370	0.0159689
2372	0.015914
2374	0.0155221
2376	0.0161335
2378	0.0158396
2380	0.0152596
2382	0.0133747
2384	0.0283482
2386	0.0493918
2388	0.0654822
2390	0.0660504
2392	0.0679314
2394	0.0673592
2396	0.0667048
2398	0.0662032
2400	0.0660465
2402	0.0660112
2404	0.0661444
2406	0.0661052
2408	0.0668733
2410	0.0675826
2412	0.0629115
2414	0.0558342
2416	0.0498229
2418	0.0402572
2420	0.0306054
2422	0.022956
2424	0.0126575
2426	0.00701455
2428	0.00251975
2430	0.00244529
2432	0.00858988
2434	0.026475
2436	0.0481065
2438	0.0512689
2440	0.0535222
2442	0.0564887
2444	0.0575624
2446	0.0589888
2448	0.0598196
2450	0.0595414
2452	0.0606229
2454	0.0606582
2456	0.0612186
2458	0.0617123
2460	0.0619044
2462	0.0554384
2464	0.0478439
2466	0.0369263
2468	0.030625
2470	0.0243785
2472	0.0165175
2474	0.0109333
2476	0.0106159
2478	0.0129671
2480	0.0142329
2482	0.0154046
2484	0.0166311
2486	0.0197857
2488	0.0200248
2490	0.0201384
2492	0.0205342
2494	0.0210476
2496	0.0208399
2498	0.0210397
2500	0.0210672
2502	0.0214394
2504	0.0220037
2506	0.0211769
2508	0.0280543
2510	0.0386309
2512	0.0498934
2514	0.0596472
2516	0.0585969
2518	0.0590633
2520	0.0611441
2522	0.0631583
2524	0.0640871
2526	0.0660817
2528	0.0686211
2530	0.0689542
2532	0.0693617
2534	0.0698712
2536	0.0693264
2538	0.0698516
2540	0.069495
2542	0.0712819
2544	0.072481
2546	0.0727514
2548	0.0695812
2550	0.06192
2552	0.0571783
2554	0.049819
2556	0.0396028
2558	0.0311814
2560	0.0271451
2562	0.0172542
2564	0.0103259
2566	0.00657565
2568	0.00549016
2570	0.00494545
2572	0.00490626
2574	0.00483573
2576	0.0046202
2578	0.00449088
2580	0.00438115
2582	0.0045379
2584	0.00438899
2586	0.00531381
2588	0.00490234
2590	0.0046633
2592	0.00446736
2594	0.00427927
2596	0.00407549
2598	0.00393833
2600	0.00392266
2602	0.0038678
2604	0.00386388
2606	0.00382861
2608	0.00383253
2610	0.00581933
2612	0.00540003
2614	0.00536868
2616	0.00541962
2618	0.00490234
2620	0.00478478
2622	0.00482005
2624	0.00821368
2626	0.02006
2628	0.0386741
2630	0.0453046
2632	0.0479301
2634	0.0511278
2636	0.0549251
2638	0.0666852
2640	0.0853933
2642	0.100218
2644	0.115042
2646	0.135906
2648	0.150017
2650	0.157279
2652	0.160849
2654	0.16175
2656	0.163114
2658	0.16588
2660	0.168286
2662	0.165261
2664	0.157169
2666	0.150754
2668	0.14602
2670	0.141588
2672	0.142011
2674	0.140765
2676	0.138524
2678	0.136055
2680	0.128625
2682	0.124275
2684	0.123119
2686	0.12317
2688	0.115822
2690	0.105833
2692	0.0969497
2694	0.0848211
2696	0.0747265
2698	0.065972
2700	0.0566611
2702	0.048996
2704	0.0448853
2706	0.0404453
2708	0.0412722
2710	0.0405982
2712	0.0398614
2714	0.0408372
2716	0.0404571
2718	0.0390973
2720	0.0400809
2722	0.040171
2724	0.0399124
2726	0.0409548
2728	0.0468329
2730	0.0597882
2732	0.0693421
2734	0.0790136
2736	0.0897979
2738	0.0927252
2740	0.094857
2742	0.0967067
2744	0.0976511
2746	0.0990814
2748	0.100814
2750	0.101468
2752	0.102389
2754	0.103067
2756	0.104709
2758	0.105426
2760	0.108001
2762	0.109302
2764	0.11003
2766	0.11208
2768	0.1121
2770	0.113013
2772	0.114376
2774	0.1148
2776	0.114984
2778	0.115811
2780	0.118405
2782	0.120231
2784	0.119678
2786	0.120466
2788	0.121363
2790	0.120674
2792	0.121791
2794	0.121693
2796	0.119721
2798	0.120004
2800	0.121293
2802	0.121356
2804	0.121983
2806	0.122547
2808	0.123813
2810	0.121379
2812	0.121677
2814	0.122551
2816	0.121959
2818	0.122026
2820	0.123918
2822	0.125247
2824	0.125752
2826	0.125733
2828	0.125259
2830	0.125121
2832	0.125266
2834	0.125298
2836	0.125082
2838	0.124557
2840	0.124761
2842	0.126042
2844	0.125968
2846	0.12558
2848	0.125439
2850	0.125631
2852	0.125443
2854	0.125506
2856	0.126411
2858	0.126489
2860	0.124847
2862	0.12529
2864	0.125517
2866	0.12623
2868	0.126944
2870	0.127586
2872	0.12888
2874	0.128876
2876	0.128366
2878	0.127394
2880	0.129526
2882	0.131348
2884	0.132857
2886	0.132579
2888	0.133445
2890	0.135055
2892	0.134993
2894	0.133316
2896	0.133343
2898	0.133214
2900	0.13183
2902	0.131454
2904	0.130306
2906	0.130518
2908	0.131403
2910	0.130839
2912	0.130768
2914	0.130906
2916	0.129679
2918	0.129119
2920	0.129424
2922	0.130455
2924	0.13069
2926	0.13051
2928	0.13147
2930	0.134374
2932	0.136255
2934	0.136756
2936	0.13486
2938	0.135036
2940	0.1356
2942	0.13752
2944	0.137963
2946	0.142101
2948	0.145899
2950	0.149825
2952	0.152784
2954	0.153658
2956	0.157753
2958	0.162769
2960	0.160943
2962	0.165986
2964	0.170892
2966	0.174807
2968	0.178267
2970	0.183699
2972	0.187042
2974	0.190659
2976	0.1952
2978	0.198813
2980	0.200561
2982	0.207
2984	0.210589
2986	0.210679
2988	0.218634
2990	0.229732
2992	0.24373
2994	0.256979
2996	0.268395
2998	0.281397
3000	0.293016
3002	0.29898
3004	0.304133
3006	0.309177
3008	0.313613
3010	0.322215
3012	0.332431
3014	0.341048
3016	0.347992
3018	0.355692
3020	0.361214
3022	0.36688
3024	0.370913
3026	0.371015
3028	0.370768
3030	0.369024
3032	0.368138
3034	0.366861
3036	0.359925
3038	0.363197
3040	0.363244
3042	0.364423
3044	0.363338
3046	0.361422
3048	0.362045
3050	0.36295
3052	0.362864
3054	0.362774
3056	0.365454
3058	0.374506
3060	0.376818
3062	0.384875
3064	0.392415
3066	0.398673
3068	0.406879
3070	0.410167
3072	0.413921
3074	0.413874
3076	0.415387
3078	0.417009
3080	0.416535
3082	0.419807
3084	0.423491
3086	0.41775
3088	0.420058
3090	0.426935
3092	0.430254
3094	0.431583
3096	0.434408
3098	0.434357
3100	0.435094
3102	0.433738
3104	0.431645
3106	0.426865
3108	0.420888
3110	0.413459
3112	0.4126
3114	0.407949
3116	0.405793
3118	0.404567
3120	0.402094
3122	0.40008
3124	0.399512
3126	0.398893
3128	0.399884
3130	0.400868
3132	0.40285
3134	0.405335
3136	0.402674
3138	0.404457
3140	0.406025
3142	0.408936
3144	0.411625
3146	0.413592
3148	0.413717
3150	0.416119
3152	0.417087
3154	0.419391
3156	0.420559
3158	0.421833
3160	0.421966
3162	0.421296
3164	0.421762
3166	0.42224
3168	0.42226
3170	0.422146
3172	0.423804
3174	0.423287
3176	0.423165
3178	0.424835
3180	0.426112
3182	0.425438
3184	0.427488
3186	0.434326
3188	0.43605
3190	0.440016
3192	0.444342
3194	0.44877
3196	0.451368
3198	0.453653
3200	0.455746
3202	0.457501
3204	0.459229
3206	0.461557
3208	0.462615
3210	0.457552
3212	0.458328
3214	0.45986
3216	0.461122
3218	0.461295
3220	0.461126
3222	0.461494
3224	0.462204
3226	0.463446
3228	0.465002
3230	0.466467
3232	0.466362
3234	0.466926
3236	0.464214
3238	0.466181
3240	0.466816
3242	0.46671
3244	0.466561
3246	0.465848
3248	0.466267
3250	0.466068
3252	0.465762
3254	0.464653
3256	0.464316
3258	0.464304
3260	0.459802
3262	0.461048
3264	0.462733
3266	0.463168
3268	0.463936
3270	0.464602
3272	0.466119
3274	0.467188
3276	0.467439
3278	0.467028
3280	0.466989
3282	0.467729
3284	0.468043
3286	0.462502
3288	0.462517
3290	0.462294
3292	0.463023
3294	0.463908
3296	0.463783
3298	0.464465
3300	0.463426
3302	0.462686
3304	0.462537
3306	0.462886
3308	0.461992
3310	0.456102
3312	0.456102
3314	0.458485
3316	0.457874
3318	0.45631
3320	0.456302
3322	0.454864
3324	0.455381
3326	0.456831
3328	0.457262
3330	0.457376
3332	0.456447
3334	0.457862
3336	0.453136
3338	0.454739
3340	0.455753
3342	0.457384
3344	0.456051
3346	0.455213
3348	0.454637
3350	0.453841
3352	0.453246
3354	0.453567
3356	0.454057
3358	0.455424
3360	0.455628
3362	0.456541
3364	0.457744
3366	0.458943
3368	0.458606
3370	0.459198
3372	0.461342
3374	0.461048
3376	0.461722
3378	0.461381
3380	0.461828
3382	0.461965
3384	0.462666
3386	0.458791
3388	0.459515
3390	0.460092
3392	0.459014
3394	0.459116
3396	0.459175
3398	0.459613
3400	0.460119
3402	0.460969
3404	0.462415
3406	0.463176
3408	0.464598
3410	0.460797
3412	0.461694
3414	0.462196
3416	0.463258
3418	0.464249
3420	0.464567
3422	0.464865
3424	0.464767
3426	0.464296
3428	0.464465
3430	0.464324
3432	0.465064
3434	0.465738
3436	0.470688
3438	0.471346
3440	0.471812
3442	0.471742
3444	0.470978
3446	0.47124
3448	0.470915
3450	0.471338
3452	0.471589
3454	0.471456
3456	0.471095
3458	0.470927
3460	0.470351
3462	0.471319
3464	0.472436
3466	0.472804
3468	0.471291
3470	0.469187
3472	0.467706
3474	0.466561
3476	0.465832
3478	0.465025
3480	0.465723
3482	0.465864
3484	0.465108
3486	0.464144
3488	0.464649
3490	0.464771
3492	0.465006
3494	0.465539
3496	0.465688
3498	0.464888
3500	0.466166
3502	0.46566
3504	0.465531
3506	0.464316
3508	0.464226
3510	0.460722
3512	0.461267
3514	0.461733
3516	0.462012
3518	0.461659
3520	0.462063
3522	0.461933
3524	0.46202
3526	0.462219
3528	0.461847
3530	0.461886
3532	0.462031
3534	0.462133
3536	0.459884
3538	0.460436
3540	0.460366
3542	0.460836
3544	0.462294
3546	0.464735
3548	0.465166
3550	0.466585
3552	0.466949
3554	0.467463
3556	0.468717
3558	0.468909
3560	0.46742
3562	0.46751
3564	0.466702
3566	0.466154
3568	0.465746
3570	0.465292
3572	0.466718
3574	0.46709
3576	0.467549
3578	0.467874
3580	0.468803
3582	0.469332
3584	0.469798
3586	0.469994
3588	0.470241
3590	0.469986
3592	0.469363
3594	0.465499
3596	0.464825
3598	0.463344
3600	0.461886
3602	0.461275
3604	0.462149
3606	0.462235
3608	0.462556
3610	0.46323
3612	0.463955
3614	0.464347
3616	0.465347
3618	0.466749
3620	0.470253
3622	0.47184
3624	0.470676
3626	0.468666
3628	0.468223
3630	0.46981
3632	0.468485
3634	0.468791
3636	0.467858
3638	0.467161
3640	0.466977
3642	0.466342
3644	0.462427
3646	0.462823
3648	0.463254
3650	0.463395
3652	0.463959
3654	0.464249
3656	0.4647
3658	0.464304
3660	0.465437
3662	0.465437
3664	0.465225
3666	0.465053
3668	0.464688
3670	0.462251
3672	0.462212
3674	0.461012
3676	0.460887
3678	0.46298
3680	0.465546
3682	0.467224
3684	0.468446
3686	0.470484
3688	0.470492
3690	0.470194
3692	0.469387
3694	0.464978
3696	0.464622
3698	0.463391
3700	0.462423
3702	0.46265
3704	0.463387
3706	0.463328
3708	0.464481
3710	0.465997
3712	0.467079
3714	0.466699
3716	0.46787
3718	0.467717
3720	0.467529
3722	0.467929
3724	0.467702
3726	0.467537
3728	0.46729
3730	0.467255
3732	0.467114
3734	0.466691
3736	0.466597
3738	0.466577
3740	0.466475
3742	0.466467
3744	0.465554
3746	0.465229
3748	0.464868
3750	0.465503
3752	0.464916
3754	0.463281
3756	0.462807
3758	0.463309
3760	0.463779
3762	0.462635
3764	0.461589
3766	0.459006
3768	0.459057
3770	0.452356
3772	0.454382
3774	0.45419
3776	0.455601
3778	0.458289
3780	0.461906
3782	0.465742
3784	0.468583
3786	0.471217
3788	0.473799
3790	0.474987
3792	0.476648
3794	0.473388
3796	0.476029
3798	0.478059
3800	0.481225
3802	0.482644
3804	0.485622
3806	0.487037
3808	0.4865
3810	0.487824
3812	0.488906
3814	0.489917
3816	0.490513
3818	0.492194
3820	0.501313
3822	0.502202
3824	0.502508
3826	0.502426
3828	0.502755
3830	0.503303
3832	0.503656
3834	0.50395
3836	0.504507
3838	0.504362
3840	0.504557
3842	0.504753
3844	0.502947
3846	0.503691
3848	0.503915
3850	0.50435
3852	0.50404
3854	0.504091
3856	0.504197
3858	0.503366
3860	0.503468
3862	0.503413
3864	0.502234
3866	0.501352
3868	0.503104
3870	0.499001
3872	0.500364
3874	0.500404
3876	0.499318
3878	0.499737
3880	0.499628
3882	0.498899
3884	0.501501
3886	0.501897
3888	0.501579
3890	0.501109
3892	0.499804
3894	0.49371
3896	0.494945
3898	0.492648
3900	0.492492
3902	0.49643
3904	0.496528
3906	0.498103
3908	0.500235
3910	0.501454
3912	0.501736
3914	0.501101
3916	0.500619
3918	0.500396
3920	0.499201
3922	0.499404
3924	0.499687
3926	0.499236
3928	0.497143
3930	0.497151
3932	0.497982
3934	0.498017
3936	0.499157
3938	0.499608
3940	0.498985
3942	0.497755
3944	0.49721
3946	0.49788
3948	0.499016
3950	0.499228
3952	0.499118
3954	0.49924
3956	0.498354
3958	0.49739
3960	0.496747
3962	0.497363
3964	0.497731
3966	0.49982
3968	0.499608
3970	0.496383
3972	0.497143
3974	0.496426
3976	0.496579
3978	0.495117
3980	0.492437
3982	0.490881
3984	0.489894
3986	0.492445
3988	0.494181
3990	0.496038
3992	0.496591
3994	0.493863
3996	0.494455
3998	0.495309
4000	0.495109
4002	0.495729
4004	0.496085
4006	0.49576
4008	0.495243
4010	0.495066
4012	0.495043
4014	0.495533
4016	0.495395
4018	0.495932
4020	0.495352
4022	0.497026
4024	0.498389
4026	0.498029
4028	0.49819
4030	0.497606
4032	0.497155
4034	0.497504
4036	0.497766
4038	0.49721
4040	0.497602
4042	0.49853
4044	0.496179
4046	0.497672
4048	0.497343
4050	0.497073
4052	0.497492
4054	0.497461
4056	0.496951
4058	0.496787
4060	0.497112
4062	0.49654
4064	0.495615
4066	0.493848
4068	0.493891
4070	0.496744
4072	0.497496
4074	0.498064
4076	0.498154
4078	0.498358
4080	0.499142
4082	0.498593
4084	0.497864
4086	0.498174
4088	0.497053
4090	0.497222
4092	0.49661
4094	0.491285
4096	0.491771
4098	0.492613
4100	0.492719
4102	0.49324
4104	0.494055
4106	0.495693
4108	0.496218
4110	0.495795
4112	0.496348
4114	0.495031
4116	0.494337
4118	0.493648
4120	0.493181
4122	0.493855
4124	0.495235
4126	0.495254
4128	0.495266
4130	0.495772
4132	0.496708
4134	0.496461
4136	0.498487
4138	0.49826
4140	0.500811
4142	0.502539
4144	0.504072
4146	0.505851
4148	0.510483
4150	0.512242
4152	0.51823
4154	0.521608
4156	0.522278
4158	0.521349
4160	0.520895
4162	0.520777
4164	0.522803
4166	0.524143
4168	0.528811
4170	0.53242
4172	0.535363
4174	0.539399
4176	0.543028
4178	0.545826
4180	0.545301
4182	0.545387
4184	0.541938
4186	0.538004
4188	0.534998
4190	0.532957
4192	0.529735
4194	0.524367
4196	0.522031
4198	0.522827
4200	0.525609
4202	0.526973
4204	0.529347
4206	0.528434
4208	0.526024
4210	0.521596
4212	0.521733
4214	0.518144
4216	0.513531
4218	0.507536
4220	0.495603
4222	0.485787
4224	0.478757
4226	0.469305
4228	0.463172
4230	0.457537
4232	0.451129
4234	0.443425
4236	0.440996
4238	0.437739
4240	0.425991
4242	0.418138
4244	0.397431
4246	0.397274
4248	0.397043
4250	0.398364
4252	0.404046
4254	0.409861
4256	0.411119
4258	0.415622
4260	0.421504
4262	0.420101
4264	0.422871
4266	0.423067
4268	0.422985
4270	0.417695
4272	0.418953
4274	0.422464
4276	0.422805
4278	0.422233
4280	0.422315
4282	0.423165
4284	0.422456
4286	0.424125
4288	0.423538
4290	0.420626
4292	0.418067
4294	0.416225
4296	0.421751
4298	0.431516
4300	0.440169
4302	0.449515
4304	0.45937
4306	0.465993
4308	0.471448
4310	0.477424
4312	0.492735
4314	0.500263
4316	0.507132
4318	0.510745
4320	0.508606
4322	0.508586
4324	0.50484
4326	0.499232
4328	0.492703
4330	0.485258
4332	0.484411
4334	0.482217
4336	0.480191
4338	0.480402
4340	0.481245
4342	0.484878
4344	0.485215
4346	0.488024
4348	0.496418
4350	0.500078
4352	0.502872
4354	0.502312
4356	0.495948
4358	0.487472
4360	0.480128
4362	0.477248
4364	0.472679
4366	0.468384
4368	0.4676
4370	0.468231
4372	0.470484
4374	0.469156
4376	0.469638
4378	0.469285
4380	0.467463
4382	0.463803
4384	0.457732
4386	0.45109
4388	0.441368
4390	0.431387
4392	0.427919
4394	0.422001
4396	0.418122
4398	0.41311
4400	0.410523
4402	0.402431
4404	0.397309
4406	0.395103
4408	0.385608
4410	0.376442
4412	0.371493
4414	0.36672
4416	0.366018
4418	0.369334
4420	0.364188
4422	0.359305
4424	0.360877
4426	0.361543
4428	0.368091
4430	0.375439
4432	0.385726
4434	0.39113
4436	0.39778
4438	0.408834
4440	0.412745
4442	0.418957
4444	0.426441
4446	0.438793
4448	0.453026
4450	0.466068
4452	0.468967
4454	0.474489
4456	0.487178
4458	0.496857
4460	0.502477
4462	0.5033
4464	0.500392
4466	0.498989
4468	0.496626
4470	0.496277
4472	0.494635
4474	0.492163
4476	0.483933
4478	0.479489
4480	0.473008
4482	0.46472
4484	0.455221
4486	0.450663
4488	0.44377
4490	0.442261
4492	0.437331
4494	0.436732
4496	0.435047
4498	0.435184
4500	0.437625
4502	0.439792
4504	0.439691
4506	0.43866
4508	0.432892
4510	0.429565
4512	0.426704
4514	0.422068
4516	0.413831
4518	0.407573
4520	0.400405
4522	0.404743
4524	0.419384
4526	0.425752
4528	0.431159
4530	0.438601
4532	0.442179
4534	0.438703
4536	0.430066
4538	0.418565
4540	0.40807
4542	0.397713
4544	0.384828
4546	0.376411
4548	0.368268
4550	0.364686
4552	0.356747
4554	0.356378
4556	0.360215
4558	0.366751
4560	0.376125
4562	0.387591
4564	0.401209
4566	0.411197
4568	0.416989
4570	0.415465
4572	0.417855
4574	0.417346
4576	0.414454
4578	0.410092
4580	0.406467
4582	0.403736
4584	0.404289
4586	0.407443
4588	0.410022
4590	0.408564
4592	0.409732
4594	0.395765
4596	0.391228
4598	0.388527
4600	0.380416
4602	0.374545
4604	0.368789
4606	0.360987
4608	0.355771
4610	0.347918
4612	0.334308
4614	0.326384
4616	0.314581
4618	0.301833
4620	0.287949
4622	0.277823
4624	0.26796
4626	0.263892
4628	0.261247
4630	0.27216
4632	0.281005
4634	0.288408
4636	0.289795
4638	0.287816
4640	0.290896
4642	0.29445
4644	0.297887
4646	0.307539
4648	0.323296
4650	0.330064
4652	0.333932
4654	0.333916
4656	0.329829
4658	0.324456
4660	0.3119
4662	0.305779
4664	0.301488
4666	0.297895
4668	0.289321
4670	0.27403
4672	0.262556
4674	0.255447
4676	0.247602
4678	0.238048
4680	0.22668
4682	0.217972
4684	0.209641
4686	0.207105
4688	0.206729
4690	0.206812
4692	0.205718
4694	0.198857
4696	0.193378
4698	0.194228
4700	0.196251
4702	0.204217
4704	0.207074
4706	0.208767
4708	0.207262
4710	0.211259
4712	0.2176
4714	0.226985
4716	0.241963
4718	0.257018
4720	0.266984
4722	0.273963
4724	0.27963
4726	0.283568
4728	0.282506
4730	0.284806
4732	0.282796
4734	0.28233
4736	0.278117
4738	0.2766
4740	0.271349
4742	0.265597
4744	0.257395
4746	0.253605
4748	0.246516
4750	0.232859
4752	0.220809
4754	0.20787
4756	0.191195
4758	0.177527
4760	0.163525
4762	0.152784
4764	0.141376
4766	0.131391
4768	0.119482
4770	0.10927
4772	0.100908
4774	0.0866394
4776	0.0760824
4778	0.0660347
4780	0.0551798
4782	0.0458806
4784	0.0379021
4786	0.0252249
4788	0.0164156
4790	0.0112899
4792	0.00878582
4794	0.00798248
4796	0.00428318
4798	0.00225719
4800	0.00212004
4802	0.00199072
4804	0.0018183
4806	0.00176735
4808	0.00167722
4810	0.00170073
4812	0.001881
4814	0.0019868
4816	0.00201815
4818	0.00202599
4820	0.00347592
4822	0.00315851
4824	0.00294297
4826	0.00289595
4828	0.00272352
4830	0.00263731
4832	0.00263731
4834	0.0033035
4836	0.00306054
4838	0.00290771
4840	0.00279798
4842	0.00304878
4844	0.00291162
4846	0.00325647
4848	0.00346809
4850	0.00322512
4852	0.00331134
4854	0.00305662
4856	0.00299392
4858	0.00377375
4860	0.00367578
4862	0.00380902
4864	0.00340147
4866	0.00319769
4868	0.00300176
4870	0.00285284
4872	0.00287244
4874	0.00276663
4876	0.00282541
4878	0.00286852
4880	0.00286852
4882	0.00294297
4884	0.00327607
4886	0.00301743
4888	0.00299
4890	0.00310756
4892	0.00315459
4894	0.0028646
4896	0.00287244
4898	0.00281366
4900	0.00294297
4902	0.00290771
4904	0.00285284
4906	0.00278231
4908	0.00371105
4910	0.00337404
4912	0.00323688
4914	0.0031154
4916	0.011094
4918	0.0286773
4920	0.0441956
4922	0.048177
4924	0.0506615
4926	0.0642164
4928	0.082274
4930	0.100449
4932	0.109909
4934	0.11188
4936	0.110755
4938	0.111684
4940	0.112652
4942	0.113491
4944	0.114686
4946	0.113714
4948	0.108921
4950	0.101276
4952	0.094089
4954	0.0881482
4956	0.082419
4958	0.078896
4960	0.0751379
4962	0.065682
4964	0.0569197
4966	0.0540042
4968	0.066019
4970	0.0709723
4972	0.0752359
4974	0.0827834
4976	0.0863534
4978	0.0860673
4980	0.0844371
4982	0.0868902
4984	0.0893316
4986	0.0894374
4988	0.087337
4990	0.0875878
4992	0.0892728
4994	0.0892807
4996	0.0897352
4998	0.0907032
5000	0.085213
5002	0.080969
5004	0.0760393
5006	0.0741426
5008	0.0696047
5010	0.0582756
5012	0.0487139
5014	0.0381842
5016	0.0271412
5018	0.0188766
5020	0.0161178
5022	0.0138136
5024	0.0138802
5026	0.0116112
5028	0.00914634
5030	0.00961267
5032	0.00985171
5034	0.0114702
5036	0.0113996
5038	0.0112585
5040	0.0116034
5042	0.0121285
5044	0.0120893
5046	0.0117601
5048	0.0142721
5050	0.0200796
5052	0.0273528
5054	0.0326627
5056	0.0395636
5058	0.0554698
5060	0.0642125
5062	0.0754201
5064	0.0931446
5066	0.108298
5068	0.127242
5070	0.150954
5072	0.163705
5074	0.177417
5076	0.201745
5078	0.209304
5080	0.211271
5082	0.212451
5084	0.213505
5086	0.21345
5088	0.210487
5090	0.207478
5092	0.20147
5094	0.194217
5096	0.187194
5098	0.177405
5100	0.164775
5102	0.156887
5104	0.149143
5106	0.134954
5108	0.114459
5110	0.0970986
5112	0.0770307
5114	0.0608776
5116	0.0481652
5118	0.0324629
5120	0.0222859
5122	0.0136372
5124	0.00563123
5126	0.00237868
5128	0.00254718
5130	0.00270393
5132	0.00289203
5134	0.00492978
5136	0.00448696
5138	0.0039932
5140	0.00389915
5142	0.00362092
5144	0.00362484
5146	0.00358173
5148	0.00360132
5150	0.00352687
5152	0.00346025
5154	0.00347984
5156	0.00346417
5158	0.00594081
5160	0.0051649
5162	0.00483573
5164	0.00450655
5166	0.00435764
5168	0.00402847
5170	0.00397752
5172	0.00375807
5174	0.00376591
5176	0.00368362
5178	0.00376199
5180	0.00367186
5182	0.0036601
5184	0.00393442
5186	0.00379334
5188	0.00351119
5190	0.00325647
5192	0.00289595
5194	0.000889554
5196	0.000380118
5198	0.000211612
5200	7.83748e-06
5202	3.52687e-05
5204	0.000192018
5206	0.000227287
5208	0.000321337
5210	0.000548624
5212	0.000634836
5214	0.000740642
5216	0.000791586
5218	0.000787667
5220	0.0039109
5222	0.00353862
5224	0.00327999
5226	0.00294297
5228	0.00275487
5230	0.00272744
5232	0.00270001
5234	0.0026138
5236	0.00265299
5238	0.00271177
5240	0.00279406
5242	0.00282933
5244	0.00355038
5246	0.00326431
5248	0.00312324
5250	0.00310756
5252	0.00308797
5254	0.00308405
5256	0.00318594
5258	0.015479
5260	0.0357859
5262	0.047213
5264	0.0532674
5266	0.0558342
5268	0.0570138
5270	0.0570961
5272	0.0574683
5274	0.0577505
5276	0.0580483
5278	0.058499
5280	0.0585107
5282	0.0589261
5284	0.0588987
5286	0.0594355
5288	0.0599097
5290	0.0756748
5292	0.0886929
5294	0.100504
5296	0.109976
5298	0.112562
5300	0.114466
5302	0.117539
5304	0.118969
5306	0.119804
5308	0.121332
5310	0.122116
5312	0.12268
5314	0.12239
5316	0.122676
5318	0.123154
5320	0.123668
5322	0.123433
5324	0.123491
5326	0.122903
5328	0.126023
5330	0.135761
5332	0.147952
5334	0.154669
5336	0.156624
5338	0.156883
5340	0.157263
5342	0.158129
5344	0.157357
5346	0.157757
5348	0.157361
5350	0.159438
5352	0.167138
5354	0.178361
5356	0.192892
5358	0.202015
5360	0.207795
5362	0.213642
5364	0.213983
5366	0.214042
5368	0.214606
5370	0.215754
5372	0.21595
5374	0.215985
5376	0.215343
5378	0.214853
5380	0.212929
5382	0.21305
5384	0.211122
5386	0.21682
5388	0.223215
5390	0.230128
5392	0.237683
5394	0.241492
5396	0.247245
5398	0.247057
5400	0.246869
5402	0.247061
5404	0.247406
5406	0.248797
5408	0.248389
5410	0.248617
5412	0.249201
5414	0.251074
5416	0.25618
5418	0.266
5420	0.272968
5422	0.286327
5424	0.292467
5426	0.294294
5428	0.295504
5430	0.296151
5432	0.301065
5434	0.308264
5436	0.314087
5438	0.32002
5440	0.327105
5442	0.331447
5444	0.335393
5446	0.340327
5448	0.343415
5450	0.345993
5452	0.345821
5454	0.345884
5456	0.344622
5458	0.343438
5460	0.341369
5462	0.339112
5464	0.335746
5466	0.332748
5468	0.329347
5470	0.317684
5472	0.315212
5474	0.312837
5476	0.309498
5478	0.309334
5480	0.308679
5482	0.31038
5484	0.313013
5486	0.3156
5488	0.319585
5490	0.323563
5492	0.328516
5494	0.335472
5496	0.338709
5498	0.341358
5500	0.347255
5502	0.351397
5504	0.352961
5506	0.354607
5508	0.354525
5510	0.355782
5512	0.357879
5514	0.358945
5516	0.359188
5518	0.360618
5520	0.362566
5522	0.370674
5524	0.378206
5526	0.384041
5528	0.390483
5530	0.396914
5532	0.402941
5534	0.406683
5536	0.4132
5538	0.417209
5540	0.420685
5542	0.422973
5544	0.419795
5546	0.421429
5548	0.422366
5550	0.423745
5552	0.425822
5554	0.431591
5556	0.434326
5558	0.438538
5560	0.444334
5562	0.447728
5564	0.456165
5566	0.46742
5568	0.475719
5570	0.480375
5572	0.491594
5574	0.500247
5576	0.508288
5578	0.515416
5580	0.519272
5582	0.520276
5584	0.522243
5586	0.523497
5588	0.524813
5590	0.524026
5592	0.522599
5594	0.520401
5596	0.519296
5598	0.517642
5600	0.513571
5602	0.512607
5604	0.510353
5606	0.510753
5608	0.516122
5610	0.519637
5612	0.523387
5614	0.526789
5616	0.529598
5618	0.532396
5620	0.533172
5622	0.536766
5624	0.538815
5626	0.539865
5628	0.541723
5630	0.543134
5632	0.544826
5634	0.544196
5636	0.545469
5638	0.543839
5640	0.543576
5642	0.543541
5644	0.549153
5646	0.550885
5648	0.552609
5650	0.552793
5652	0.551645
5654	0.550959
5656	0.549635
5658	0.549874
5660	0.548973
5662	0.551167
5664	0.551598
5666	0.55226
5668	0.553542
5670	0.55266
5672	0.554902
5674	0.556332
5676	0.556536
5678	0.556614
5680	0.557805
5682	0.558605
5684	0.560564
5686	0.562112
5688	0.56386
5690	0.563401
5692	0.56308
5694	0.557586
5696	0.55728
5698	0.558503
5700	0.560098
5702	0.562194
5704	0.564083
5706	0.565823
5708	0.566619
5710	0.568002
5712	0.57004
5714	0.573206
5716	0.57506
5718	0.576474
5720	0.588289
5722	0.588724
5724	0.588783
5726	0.588383
5728	0.588019
5730	0.588089
5732	0.587901
5734	0.587995
5736	0.58798
Method1  Run Time = 98319.2 ms	( skip = 2 )
