Frame number	Queue Density
0	0.0661013
3	0.0677119
6	0.0895942
9	0.101311
12	0.105112
15	0.107953
18	0.109858
21	0.111919
24	0.113369
27	0.11969
30	0.122194
33	0.123288
36	0.124291
39	0.124898
42	0.125274
45	0.125361
48	0.125263
51	0.125008
54	0.124545
57	0.123875
60	0.123248
63	0.123209
66	0.12315
69	0.12406
72	0.124126
75	0.125658
78	0.127132
81	0.131411
84	0.140009
87	0.156828
90	0.173937
93	0.178542
96	0.178381
99	0.180799
102	0.180866
105	0.180141
108	0.185392
111	0.195553
114	0.206157
117	0.213626
120	0.215272
123	0.215202
126	0.214908
129	0.215464
132	0.218043
135	0.220562
138	0.22271
141	0.223313
144	0.223462
147	0.224912
150	0.224434
153	0.221981
156	0.21916
159	0.215707
162	0.212987
165	0.209547
168	0.20803
171	0.204503
174	0.20214
177	0.199613
180	0.1987
183	0.19741
186	0.195851
189	0.195173
192	0.194279
195	0.194205
198	0.194334
201	0.194667
204	0.195279
207	0.194377
210	0.195565
213	0.195036
216	0.194389
219	0.194734
222	0.195263
225	0.195157
228	0.195624
231	0.195902
234	0.196787
237	0.194879
240	0.191188
243	0.193296
246	0.193703
249	0.192869
252	0.191967
255	0.192508
258	0.193053
261	0.19243
264	0.192877
267	0.192759
270	0.192183
273	0.192457
276	0.191583
279	0.189448
282	0.189099
285	0.189158
288	0.189232
291	0.188382
294	0.188346
297	0.188907
300	0.188593
303	0.189087
306	0.18895
309	0.19299
312	0.193539
315	0.195451
318	0.194965
321	0.196082
324	0.19569
327	0.195663
330	0.195596
333	0.1954
336	0.194844
339	0.196282
342	0.197838
345	0.200514
348	0.201459
351	0.198496
354	0.198606
357	0.198661
360	0.198284
363	0.198402
366	0.197959
369	0.197638
372	0.197751
375	0.197269
378	0.197493
381	0.196525
384	0.196352
387	0.19765
390	0.199335
393	0.200949
396	0.204817
399	0.207149
402	0.2099
405	0.21249
408	0.216126
411	0.224567
414	0.23168
417	0.237115
420	0.243636
423	0.248915
426	0.256004
429	0.262407
432	0.268406
435	0.273101
438	0.275346
441	0.278329
444	0.278477
447	0.286969
450	0.293627
453	0.299333
456	0.303479
459	0.307014
462	0.311634
465	0.313746
468	0.315905
471	0.314687
474	0.319326
477	0.321352
480	0.324562
483	0.325326
486	0.326012
489	0.325448
492	0.327771
495	0.324621
498	0.325894
501	0.336412
504	0.349959
507	0.360575
510	0.370282
513	0.373045
516	0.374941
519	0.381137
522	0.384139
525	0.387701
528	0.388747
531	0.389542
534	0.392446
537	0.392215
540	0.393853
543	0.396059
546	0.396443
549	0.397435
552	0.396741
555	0.393398
558	0.391
561	0.389021
564	0.385091
567	0.384624
570	0.379942
573	0.389221
576	0.397392
579	0.405241
582	0.414062
585	0.419729
588	0.426386
591	0.431379
594	0.431559
597	0.435325
600	0.439126
603	0.444033
606	0.450581
609	0.457109
612	0.463877
615	0.470335
618	0.474454
621	0.483722
624	0.491042
627	0.495662
630	0.501505
633	0.504228
636	0.507011
639	0.507908
642	0.50774
645	0.507065
648	0.510812
651	0.51696
654	0.52169
657	0.526291
660	0.531326
663	0.537397
666	0.541676
669	0.541441
672	0.544862
675	0.547178
678	0.550301
681	0.552029
684	0.553765
687	0.555556
690	0.556638
693	0.558264
696	0.556857
699	0.558456
702	0.559114
705	0.560016
708	0.561411
711	0.5623
714	0.563127
717	0.563378
720	0.556935
723	0.557833
726	0.557555
729	0.557163
732	0.555556
735	0.554063
738	0.552303
741	0.551845
744	0.546849
747	0.547566
750	0.547805
753	0.548016
756	0.547021
759	0.546923
762	0.546272
765	0.545387
768	0.544591
771	0.540555
774	0.54128
777	0.542017
780	0.541923
783	0.543216
786	0.542581
789	0.546002
792	0.551245
795	0.555756
798	0.562559
801	0.567853
804	0.570659
807	0.57187
810	0.575111
813	0.580095
816	0.58448
819	0.594003
822	0.5957
825	0.597244
828	0.599599
831	0.599411
834	0.598262
837	0.597671
840	0.597604
843	0.597886
846	0.597028
849	0.59798
852	0.597628
855	0.599301
858	0.598513
861	0.598733
864	0.599614
867	0.59925
870	0.599128
873	0.600332
876	0.600853
879	0.598208
882	0.598956
885	0.598878
888	0.598686
891	0.599822
894	0.60097
897	0.602628
900	0.603173
903	0.601331
906	0.597961
909	0.599563
912	0.598435
915	0.595096
918	0.590382
921	0.589375
924	0.589394
927	0.588262
930	0.587611
933	0.58843
936	0.590797
939	0.594485
942	0.597173
945	0.598039
948	0.5984
951	0.597628
954	0.593023
957	0.593728
960	0.596507
963	0.59704
966	0.597314
969	0.598451
972	0.599767
975	0.601394
978	0.603102
981	0.599383
984	0.599771
987	0.599775
990	0.600884
993	0.600947
996	0.6009
999	0.597439
1002	0.596052
1005	0.592463
1008	0.593113
1011	0.598
1014	0.596201
1017	0.595523
1020	0.595782
1023	0.595778
1026	0.594438
1029	0.594085
1032	0.59441
1035	0.591753
1038	0.593164
1041	0.594939
1044	0.595378
1047	0.59662
1050	0.595649
1053	0.594932
1056	0.594312
1059	0.594097
1062	0.589818
1065	0.589884
1068	0.589363
1071	0.589579
1074	0.590707
1077	0.590484
1080	0.591048
1083	0.591902
1086	0.589629
1089	0.590789
1092	0.593031
1095	0.593583
1098	0.594497
1101	0.594485
1104	0.594238
1107	0.594015
1110	0.594943
1113	0.594845
1116	0.594732
1119	0.594355
1122	0.594387
1125	0.594869
1128	0.596679
1131	0.597169
1134	0.59557
1137	0.592788
1140	0.591742
1143	0.592259
1146	0.593266
1149	0.594453
1152	0.59334
1155	0.592772
1158	0.595026
1161	0.596499
1164	0.598251
1167	0.597447
1170	0.594618
1173	0.594434
1176	0.592878
1179	0.590566
1182	0.59113
1185	0.586506
1188	0.587513
1191	0.585856
1194	0.58604
1197	0.58535
1200	0.585699
1203	0.585734
1206	0.585452
1209	0.586541
1212	0.585193
1215	0.586009
1218	0.58662
1221	0.587306
1224	0.58736
1227	0.586726
1230	0.587827
1233	0.588603
1236	0.586526
1239	0.588227
1242	0.588532
1245	0.588716
1248	0.590029
1251	0.588379
1254	0.589316
1257	0.588669
1260	0.585244
1263	0.585076
1266	0.585193
1269	0.586565
1272	0.586624
1275	0.588587
1278	0.589038
1281	0.588513
1284	0.588442
1287	0.59001
1290	0.592416
1293	0.594798
1296	0.594626
1299	0.594242
1302	0.593748
1305	0.593376
1308	0.592851
1311	0.587121
1314	0.586396
1317	0.586467
1320	0.585632
1323	0.584927
1326	0.584323
1329	0.584155
1332	0.584116
1335	0.585068
1338	0.58305
1341	0.584484
1344	0.586479
1347	0.587952
1350	0.589049
1353	0.590303
1356	0.593795
1359	0.594555
1362	0.59537
1365	0.594516
1368	0.594544
1371	0.591091
1374	0.589304
1377	0.587541
1380	0.585632
1383	0.585209
1386	0.579449
1389	0.58111
1392	0.580757
1395	0.580848
1398	0.579727
1401	0.579402
1404	0.579335
1407	0.577732
1410	0.573002
1413	0.573606
1416	0.575463
1419	0.577924
1422	0.57908
1425	0.580511
1428	0.58341
1431	0.586412
1434	0.588066
1437	0.585432
1440	0.587564
1443	0.589312
1446	0.593572
1449	0.593838
1452	0.591471
1455	0.593983
1458	0.592024
1461	0.59055
1464	0.584813
1467	0.581518
1470	0.576086
1473	0.571744
1476	0.568895
1479	0.562531
1482	0.554996
1485	0.546128
1488	0.540747
1491	0.533403
1494	0.523826
1497	0.516741
1500	0.515275
1503	0.512003
1506	0.50803
1509	0.504601
1512	0.494243
1515	0.487723
1518	0.48262
1521	0.474469
1524	0.47365
1527	0.471091
1530	0.473074
1533	0.470237
1536	0.469837
1539	0.468909
1542	0.469924
1545	0.468027
1548	0.468435
1551	0.464614
1554	0.461636
1557	0.460193
1560	0.466362
1563	0.468779
1566	0.467839
1569	0.468145
1572	0.46615
1575	0.471675
1578	0.483561
1581	0.493217
1584	0.493119
1587	0.491622
1590	0.487679
1593	0.485759
1596	0.49036
1599	0.495172
1602	0.504847
1605	0.508986
1608	0.510518
1611	0.499804
1614	0.488933
1617	0.476915
1620	0.466738
1623	0.464046
1626	0.462752
1629	0.465092
1632	0.467118
1635	0.468258
1638	0.464069
1641	0.452105
1644	0.449389
1647	0.447266
1650	0.449052
1653	0.443417
1656	0.443519
1659	0.443308
1662	0.437892
1665	0.438378
1668	0.436426
1671	0.429059
1674	0.420696
1677	0.417393
1680	0.415504
1683	0.415712
1686	0.410555
1689	0.416625
1692	0.425524
1695	0.440847
1698	0.453449
1701	0.462494
1704	0.466836
1707	0.465147
1710	0.446662
1713	0.453242
1716	0.451388
1719	0.443194
1722	0.438472
1725	0.431261
1728	0.425093
1731	0.411291
1734	0.414677
1737	0.421966
1740	0.421472
1743	0.410371
1746	0.399429
1749	0.385557
1752	0.387156
1755	0.384777
1758	0.380408
1761	0.371324
1764	0.362056
1767	0.364858
1770	0.370341
1773	0.366387
1776	0.354932
1779	0.346064
1782	0.335754
1785	0.324511
1788	0.312927
1791	0.299306
1794	0.280343
1797	0.262951
1800	0.259479
1803	0.254847
1806	0.254009
1809	0.251438
1812	0.236277
1815	0.230081
1818	0.225386
1821	0.228533
1824	0.2332
1827	0.239792
1830	0.244631
1833	0.240909
1836	0.236712
1839	0.229184
1842	0.221084
1845	0.207325
1848	0.188562
1851	0.16396
1854	0.146921
1857	0.151495
1860	0.149715
1863	0.145519
1866	0.148838
1869	0.173322
1872	0.185239
1875	0.186634
1878	0.191301
1881	0.200158
1884	0.212533
1887	0.229963
1890	0.251066
1893	0.270268
1896	0.281989
1899	0.318754
1902	0.3588
1905	0.38504
1908	0.39437
1911	0.381525
1914	0.359196
1917	0.341996
1920	0.325867
1923	0.31433
1926	0.294995
1929	0.271729
1932	0.248483
1935	0.232683
1938	0.217764
1941	0.204578
1944	0.188629
1947	0.169952
1950	0.155942
1953	0.128938
1956	0.103619
1959	0.0791311
1962	0.0573233
1965	0.0385996
1968	0.0222232
1971	0.0106433
1974	0.00482397
1977	0.00555677
1980	0.00492194
1983	0.00497288
1986	0.00731237
1989	0.00691266
1992	0.00669713
1995	0.00576055
1998	0.00615634
2001	0.0131513
2004	0.0374553
2007	0.0703845
2010	0.114788
2013	0.155025
2016	0.199092
2019	0.241516
2022	0.278956
2025	0.31239
2028	0.33287
2031	0.333132
2034	0.319899
2037	0.30342
2040	0.274543
2043	0.244565
2046	0.219524
2049	0.197269
2052	0.171974
2055	0.149563
2058	0.137129
2061	0.120717
2064	0.0956996
2067	0.0749969
2070	0.0544783
2073	0.0356762
2076	0.0219489
2079	0.0154438
2082	0.0150911
2085	0.0150989
2088	0.0147658
2091	0.0138919
2094	0.0140722
2097	0.0141584
2100	0.0142681
2103	0.0214355
2106	0.0292377
2109	0.0375259
2112	0.0494859
2115	0.0589144
2118	0.0700671
2121	0.084155
2124	0.103698
2127	0.125251
2130	0.140867
2133	0.155872
2136	0.168714
2139	0.179263
2142	0.18654
2145	0.19
2148	0.193076
2151	0.196905
2154	0.214194
2157	0.236653
2160	0.233001
2163	0.225735
2166	0.215605
2169	0.206576
2172	0.187774
2175	0.166746
2178	0.14649
2181	0.127579
2184	0.10648
2187	0.0883402
2190	0.0669125
2193	0.0482436
2196	0.0339441
2199	0.024159
2202	0.0170348
2205	0.0112625
2208	0.00578798
2211	0.00631309
2214	0.00597608
2217	0.00545881
2220	0.00511396
2223	0.00489451
2226	0.00469073
2229	0.00485924
2232	0.00502383
2235	0.00660308
2238	0.00603486
2241	0.00562731
2244	0.00524328
2247	0.00610148
2250	0.00634836
2253	0.00740642
2256	0.00681077
2259	0.00824895
2262	0.00868001
2265	0.0106551
2268	0.0221918
2271	0.0362954
2274	0.0505087
2277	0.0577897
2280	0.0647572
2283	0.0706902
2286	0.0753378
2289	0.0758551
2292	0.0762548
2295	0.0745384
2298	0.077497
2301	0.0813335
2304	0.0806594
2307	0.0771169
2310	0.0675513
2313	0.0642125
2316	0.0590398
2319	0.0545724
2322	0.0481025
2325	0.0389405
2328	0.034093
2331	0.0310639
2334	0.0274939
2337	0.0259852
2340	0.022039
2343	0.0190568
2346	0.0160159
2349	0.0144366
2352	0.0143857
2355	0.0118307
2358	0.0125478
2361	0.0156632
2364	0.0160081
2367	0.0158552
2370	0.0159689
2373	0.0158552
2376	0.0161335
2379	0.0154516
2382	0.0133747
2385	0.043451
2388	0.0654822
2391	0.0674102
2394	0.0673592
2397	0.0664697
2400	0.0660465
2403	0.0664579
2406	0.0661052
2409	0.0672338
2412	0.0629115
2415	0.0516177
2418	0.0402572
2421	0.0258715
2424	0.0126575
2427	0.00320553
2430	0.00244529
2433	0.020448
2436	0.0481065
2439	0.0531107
2442	0.0564887
2445	0.0581188
2448	0.0598196
2451	0.0604662
2454	0.0606582
2457	0.0617006
2460	0.0619044
2463	0.0501325
2466	0.0369263
2469	0.0264397
2472	0.0165175
2475	0.00918945
2478	0.0129671
2481	0.0148755
2484	0.0166311
2487	0.0200757
2490	0.0201384
2493	0.0211886
2496	0.0208399
2499	0.0216471
2502	0.0214394
2505	0.0215178
2508	0.0280543
2511	0.04572
2514	0.0596472
2517	0.0586792
2520	0.0611441
2523	0.063852
2526	0.0660817
2529	0.0687739
2532	0.0693617
2535	0.069832
2538	0.0698516
2541	0.0702121
2544	0.072481
2547	0.0713524
2550	0.06192
2553	0.0528403
2556	0.0396028
2559	0.0263026
2562	0.0172542
2565	0.007089
2568	0.00549016
2571	0.00494937
2574	0.00483573
2577	0.00450263
2580	0.00438115
2583	0.00444777
2586	0.00531381
2589	0.00476519
2592	0.00446736
2595	0.00426751
2598	0.00393833
2601	0.00385996
2604	0.00386388
2607	0.00390698
2610	0.00581933
2613	0.00536084
2616	0.00541962
2619	0.00482005
2622	0.00482005
2625	0.0157142
2628	0.0386741
2631	0.0471033
2634	0.0511278
2637	0.062594
2640	0.0853933
2643	0.110148
2646	0.135906
2649	0.155778
2652	0.160849
2655	0.163098
2658	0.16588
2661	0.166629
2664	0.157169
2667	0.146326
2670	0.141588
2673	0.141913
2676	0.138524
2679	0.130862
2682	0.124275
2685	0.123346
2688	0.115822
2691	0.099199
2694	0.0848211
2697	0.0688954
2700	0.0566611
2703	0.0458885
2706	0.0404453
2709	0.0414877
2712	0.0398614
2715	0.0407902
2718	0.0390973
2721	0.0397791
2724	0.0399124
2727	0.0435294
2730	0.0597882
2733	0.0757649
2736	0.0897979
2739	0.0942692
2742	0.0967067
2745	0.0985798
2748	0.100814
2751	0.101527
2754	0.103067
2757	0.105081
2760	0.108001
2763	0.109431
2766	0.11208
2769	0.112268
2772	0.114376
2775	0.114384
2778	0.115811
2781	0.119839
2784	0.119678
2787	0.120364
2790	0.120674
2793	0.121363
2796	0.119721
2799	0.120748
2802	0.121356
2805	0.12241
2808	0.123813
2811	0.120858
2814	0.122551
2817	0.121798
2820	0.123918
2823	0.125353
2826	0.125733
2829	0.125055
2832	0.125266
2835	0.125176
2838	0.124557
2841	0.126164
2844	0.125968
2847	0.125639
2850	0.125631
2853	0.125713
2856	0.126411
2859	0.126548
2862	0.12529
2865	0.125952
2868	0.126944
2871	0.128727
2874	0.128876
2877	0.127379
2880	0.129526
2883	0.131948
2886	0.132579
2889	0.134954
2892	0.134993
2895	0.133202
2898	0.133214
2901	0.131486
2904	0.130306
2907	0.131278
2910	0.130839
2913	0.130815
2916	0.129679
2919	0.12946
2922	0.130455
2925	0.130345
2928	0.13147
2931	0.135537
2934	0.136756
2937	0.135314
2940	0.1356
2943	0.137705
2946	0.142101
2949	0.148317
2952	0.152784
2955	0.156322
2958	0.162769
2961	0.164376
2964	0.170892
2967	0.177515
2970	0.183699
2973	0.189538
2976	0.1952
2979	0.19973
2982	0.207
2985	0.208634
2988	0.218634
2991	0.239063
2994	0.256979
2997	0.277686
3000	0.293016
3003	0.30219
3006	0.309177
3009	0.319111
3012	0.332431
3015	0.345057
3018	0.355692
3021	0.365693
3024	0.370913
3027	0.373131
3030	0.369024
3033	0.366759
3036	0.359925
3039	0.36293
3042	0.364423
3045	0.362593
3048	0.362045
3051	0.362233
3054	0.362774
3057	0.371775
3060	0.376818
3063	0.390667
3066	0.398673
3069	0.409665
3072	0.413921
3075	0.415637
3078	0.417009
3081	0.417785
3084	0.423491
3087	0.418878
3090	0.426935
3093	0.431924
3096	0.434408
3099	0.434663
3102	0.433738
3105	0.42793
3108	0.420888
3111	0.412839
3114	0.407949
3117	0.404822
3120	0.402094
3123	0.400292
3126	0.398893
3129	0.400895
3132	0.40285
3135	0.402553
3138	0.404457
3141	0.408576
3144	0.411625
3147	0.413592
3150	0.416119
3153	0.419196
3156	0.420559
3159	0.422636
3162	0.421296
3165	0.421849
3168	0.42226
3171	0.423208
3174	0.423287
3177	0.424607
3180	0.426112
3183	0.42672
3186	0.434326
3189	0.437998
3192	0.444342
3195	0.450118
3198	0.453653
3201	0.456741
3204	0.459229
3207	0.462239
3210	0.457552
3213	0.459421
3216	0.461122
3219	0.46133
3222	0.461494
3225	0.463344
3228	0.465002
3231	0.466185
3234	0.466926
3237	0.464947
3240	0.466816
3243	0.466734
3246	0.465848
3249	0.46653
3252	0.465762
3255	0.463544
3258	0.464304
3261	0.459852
3264	0.462733
3267	0.464038
3270	0.464602
3273	0.466945
3276	0.467439
3279	0.467067
3282	0.467729
3285	0.46285
3288	0.462517
3291	0.462384
3294	0.463908
3297	0.46452
3300	0.463426
3303	0.463117
3306	0.462886
3309	0.461659
3312	0.456102
3315	0.458171
3318	0.45631
3321	0.454699
3324	0.455381
3327	0.457603
3330	0.457376
3333	0.45756
3336	0.453136
3339	0.455244
3342	0.457384
3345	0.454311
3348	0.454637
3351	0.453516
3354	0.453567
3357	0.45497
3360	0.455628
3363	0.457035
3366	0.458943
3369	0.458618
3372	0.461342
3375	0.460965
3378	0.461381
3381	0.4624
3384	0.462666
3387	0.459214
3390	0.460092
3393	0.4589
3396	0.459175
3399	0.459825
3402	0.460969
3405	0.463066
3408	0.464598
3411	0.461299
3414	0.462196
3417	0.463916
3420	0.464567
3423	0.464618
3426	0.464296
3429	0.464649
3432	0.465064
3435	0.470233
3438	0.471346
3441	0.471628
3444	0.470978
3447	0.470766
3450	0.471338
3453	0.471664
3456	0.471095
3459	0.470758
3462	0.471319
3465	0.473078
3468	0.471291
3471	0.468713
3474	0.466561
3477	0.46517
3480	0.465723
3483	0.465198
3486	0.464144
3489	0.464073
3492	0.465006
3495	0.464955
3498	0.464888
3501	0.465966
3504	0.465531
3507	0.464383
3510	0.460722
3513	0.461859
3516	0.462012
3519	0.4618
3522	0.461933
3525	0.461996
3528	0.461847
3531	0.461886
3534	0.462133
3537	0.46035
3540	0.460366
3543	0.462051
3546	0.464735
3549	0.466381
3552	0.466949
3555	0.468846
3558	0.468909
3561	0.466652
3564	0.466702
3567	0.466103
3570	0.465292
3573	0.466953
3576	0.467549
3579	0.468011
3582	0.469332
3585	0.470539
3588	0.470241
3591	0.470014
3594	0.465499
3597	0.463646
3600	0.461886
3603	0.461608
3606	0.462235
3609	0.462705
3612	0.463955
3615	0.465064
3618	0.466749
3621	0.471542
3624	0.470676
3627	0.468685
3630	0.46981
3633	0.468266
3636	0.467858
3639	0.467079
3642	0.466342
3645	0.462639
3648	0.463254
3651	0.463838
3654	0.464249
3657	0.464594
3660	0.465437
3663	0.465558
3666	0.465053
3669	0.463125
3672	0.462212
3675	0.460393
3678	0.46298
3681	0.466064
3684	0.468446
3687	0.470457
3690	0.470194
3693	0.469167
3696	0.464622
3699	0.463281
3702	0.46265
3705	0.463532
3708	0.464481
3711	0.466565
3714	0.466699
3717	0.467635
3720	0.467529
3723	0.467635
3726	0.467537
3729	0.467659
3732	0.467114
3735	0.46711
3738	0.466577
3741	0.466009
3744	0.465554
3747	0.465225
3750	0.465503
3753	0.464281
3756	0.462807
3759	0.46381
3762	0.462635
3765	0.461314
3768	0.459057
3771	0.453837
3774	0.45419
3777	0.456122
3780	0.461906
3783	0.466695
3786	0.471217
3789	0.474438
3792	0.476648
3795	0.473874
3798	0.478059
3801	0.481747
3804	0.485622
3807	0.486896
3810	0.487824
3813	0.48956
3816	0.490513
3819	0.500866
3822	0.502202
3825	0.502778
3828	0.502755
3831	0.503707
3834	0.50395
3837	0.504514
3840	0.504557
3843	0.504655
3846	0.503691
3849	0.504295
3852	0.50404
3855	0.504009
3858	0.503366
3861	0.50393
3864	0.502234
3867	0.501415
3870	0.499001
3873	0.500313
3876	0.499318
3879	0.50002
3882	0.498899
3885	0.501955
3888	0.501579
3891	0.501344
3894	0.49371
3897	0.495121
3900	0.492492
3903	0.496591
3906	0.498103
3909	0.500721
3912	0.501736
3915	0.500897
3918	0.500396
3921	0.499075
3924	0.499687
3927	0.498221
3930	0.497151
3933	0.498123
3936	0.499157
3939	0.49895
3942	0.497755
3945	0.49819
3948	0.499016
3951	0.499589
3954	0.49924
3957	0.497907
3960	0.496747
3963	0.49828
3966	0.49982
3969	0.497041
3972	0.497143
3975	0.496552
3978	0.495117
3981	0.490646
3984	0.489894
3987	0.492315
3990	0.496038
3993	0.497096
3996	0.494455
3999	0.49554
4002	0.495729
4005	0.495678
4008	0.495243
4011	0.495215
4014	0.495533
4017	0.495439
4020	0.495352
4023	0.497441
4026	0.498029
4029	0.497978
4032	0.497155
4035	0.497574
4038	0.49721
4041	0.497406
4044	0.496179
4047	0.497672
4050	0.497073
4053	0.497359
4056	0.496951
4059	0.497269
4062	0.49654
4065	0.494988
4068	0.493891
4071	0.497261
4074	0.498064
4077	0.498503
4080	0.499142
4083	0.497982
4086	0.498174
4089	0.497418
4092	0.49661
4095	0.491857
4098	0.492613
4101	0.492296
4104	0.494055
4107	0.495772
4110	0.495795
4113	0.495513
4116	0.494337
4119	0.492351
4122	0.493855
4125	0.494353
4128	0.495266
4131	0.495568
4134	0.496461
4137	0.498025
4140	0.500811
4143	0.504166
4146	0.505851
4149	0.510126
4152	0.51823
4155	0.52211
4158	0.521349
4161	0.520287
4164	0.522803
4167	0.526691
4170	0.53242
4173	0.536209
4176	0.543028
4179	0.545826
4182	0.545387
4185	0.539524
4188	0.534998
4191	0.531754
4194	0.524367
4197	0.521483
4200	0.525609
4203	0.527435
4206	0.528434
4209	0.525002
4212	0.521733
4215	0.516866
4218	0.507536
4221	0.491104
4224	0.478757
4227	0.468388
4230	0.457537
4233	0.447458
4236	0.440996
4239	0.430838
4242	0.418138
4245	0.398818
4248	0.397043
4251	0.401048
4254	0.409861
4257	0.413459
4260	0.421504
4263	0.422479
4266	0.423067
4269	0.417111
4272	0.418953
4275	0.422044
4278	0.422233
4281	0.421621
4284	0.422456
4287	0.424161
4290	0.420626
4293	0.421159
4296	0.421751
4299	0.437402
4302	0.449515
4305	0.46365
4308	0.471448
4311	0.484302
4314	0.500263
4317	0.508018
4320	0.508606
4323	0.509037
4326	0.499232
4329	0.488836
4332	0.484411
4335	0.482017
4338	0.480402
4341	0.483631
4344	0.485215
4347	0.493734
4350	0.500078
4353	0.502931
4356	0.495948
4359	0.482334
4362	0.477248
4365	0.469861
4368	0.4676
4371	0.468956
4374	0.469156
4377	0.470037
4380	0.467463
4383	0.462345
4386	0.45109
4389	0.435607
4392	0.427919
4395	0.421151
4398	0.41311
4401	0.406338
4404	0.397309
4407	0.389292
4410	0.376442
4413	0.369706
4416	0.366018
4419	0.365086
4422	0.359305
4425	0.361061
4428	0.368091
4431	0.381838
4434	0.39113
4437	0.403129
4440	0.412745
4443	0.424286
4446	0.438793
4449	0.461965
4452	0.468967
4455	0.480994
4458	0.496857
4461	0.503746
4464	0.500392
4467	0.496258
4470	0.496277
4473	0.492625
4476	0.483933
4479	0.477373
4482	0.46472
4485	0.452027
4488	0.44377
4491	0.438907
4494	0.436732
4497	0.434185
4500	0.437625
4503	0.44145
4506	0.43866
4509	0.430917
4512	0.426704
4515	0.417777
4518	0.407573
4521	0.399281
4524	0.419384
4527	0.428593
4530	0.438601
4533	0.440988
4536	0.430066
4539	0.413615
4542	0.397713
4545	0.379256
4548	0.368268
4551	0.361414
4554	0.356378
4557	0.363436
4560	0.376125
4563	0.394637
4566	0.411197
4569	0.415249
4572	0.417855
4575	0.415818
4578	0.410092
4581	0.403603
4584	0.404289
4587	0.409916
4590	0.408564
4593	0.405935
4596	0.391228
4599	0.38417
4602	0.374545
4605	0.365607
4608	0.355771
4611	0.340515
4614	0.326384
4617	0.308859
4620	0.287949
4623	0.271855
4626	0.263892
4629	0.265267
4632	0.281005
4635	0.289231
4638	0.287816
4641	0.291182
4644	0.297887
4647	0.317645
4650	0.330064
4653	0.337141
4656	0.329829
4659	0.318174
4662	0.305779
4665	0.299227
4668	0.289321
4671	0.268355
4674	0.255447
4677	0.241833
4680	0.22668
4683	0.213885
4686	0.207105
4689	0.207105
4692	0.205718
4695	0.196294
4698	0.194228
4701	0.199679
4704	0.207074
4707	0.207627
4710	0.211259
4713	0.221609
4716	0.241963
4719	0.26185
4722	0.273963
4725	0.281722
4728	0.282506
4731	0.283623
4734	0.28233
4737	0.276953
4740	0.271349
4743	0.264531
4746	0.253605
4749	0.240446
4752	0.220809
4755	0.199436
4758	0.177527
4761	0.157772
4764	0.141376
4767	0.1252
4770	0.10927
4773	0.0944613
4776	0.0760824
4779	0.0596001
4782	0.0458806
4785	0.0313382
4788	0.0164156
4791	0.0100868
4794	0.00798248
4797	0.00233165
4800	0.00212004
4803	0.00183005
4806	0.00176735
4809	0.00165371
4812	0.001881
4815	0.0020064
4818	0.00202599
4821	0.00327999
4824	0.00294297
4827	0.00288419
4830	0.00263731
4833	0.00335052
4836	0.00306054
4839	0.00289203
4842	0.00304878
4845	0.00312324
4848	0.00346809
4851	0.00332309
4854	0.00305662
4857	0.00291554
4860	0.00367578
4863	0.00358173
4866	0.00319769
4869	0.00282541
4872	0.00287244
4875	0.00273528
4878	0.00286852
4881	0.00286852
4884	0.00327607
4887	0.00298608
4890	0.00310756
4893	0.00306837
4896	0.00287244
4899	0.00284501
4902	0.00290771
4905	0.00281757
4908	0.00371105
4911	0.00335444
4914	0.0031154
4917	0.0226151
4920	0.0441956
4923	0.049768
4926	0.0642164
4929	0.0942261
4932	0.109909
4935	0.111218
4938	0.111684
4941	0.113267
4944	0.114686
4947	0.110148
4950	0.101276
4953	0.0897979
4956	0.082419
4959	0.0766349
4962	0.065682
4965	0.0513708
4968	0.066019
4971	0.0728024
4974	0.0827834
4977	0.0863651
4980	0.0844371
4983	0.0898019
4986	0.0894374
4989	0.0875486
4992	0.0892728
4995	0.089504
4998	0.0907032
5001	0.0815177
5004	0.0760393
5007	0.071709
5010	0.0582756
5013	0.0415818
5016	0.0271412
5019	0.0163176
5022	0.0138136
5025	0.0124851
5028	0.00914634
5031	0.00980861
5034	0.0114702
5037	0.0113408
5040	0.0116034
5043	0.0122696
5046	0.0117601
5049	0.0177676
5052	0.0273528
5055	0.0363111
5058	0.0554698
5061	0.0707411
5064	0.0931446
5067	0.11978
5070	0.150954
5073	0.173369
5076	0.201745
5079	0.210781
5082	0.212451
5085	0.212498
5088	0.210487
5091	0.203006
5094	0.194217
5097	0.17989
5100	0.164775
5103	0.151244
5106	0.134954
5109	0.102385
5112	0.0770307
5115	0.0512023
5118	0.0324629
5121	0.0164352
5124	0.00563123
5127	0.00244529
5130	0.00270393
5133	0.00531381
5136	0.00448696
5139	0.00398928
5142	0.00362092
5145	0.00362484
5148	0.00360132
5151	0.0034916
5154	0.00347984
5157	0.00347984
5160	0.0051649
5163	0.00463195
5166	0.00435764
5169	0.00394617
5172	0.00375807
5175	0.0036797
5178	0.00376199
5181	0.00365619
5184	0.00393442
5187	0.00357781
5190	0.00325647
5193	0.00296257
5196	0.000380118
5199	7.05373e-05
5202	3.52687e-05
5205	0.000211612
5208	0.000321337
5211	0.000607405
5214	0.000740642
5217	0.000799423
5220	0.0039109
5223	0.00338971
5226	0.00294297
5229	0.00282933
5232	0.00270001
5235	0.00264123
5238	0.00271177
5241	0.00280582
5244	0.00355038
5247	0.00318986
5250	0.00310756
5253	0.00313499
5256	0.00318594
5259	0.0254209
5262	0.047213
5265	0.055172
5268	0.0570138
5271	0.0573821
5274	0.0577505
5277	0.0582247
5280	0.0585107
5283	0.0590202
5286	0.0594355
5289	0.0666617
5292	0.0886929
5295	0.106413
5298	0.112562
5301	0.116128
5304	0.118969
5307	0.120466
5310	0.122116
5313	0.122418
5316	0.122676
5319	0.12366
5322	0.123433
5325	0.123131
5328	0.126023
5331	0.141999
5334	0.154669
5337	0.155954
5340	0.157263
5343	0.158921
5346	0.157757
5349	0.157236
5352	0.167138
5355	0.186066
5358	0.202015
5361	0.210844
5364	0.213983
5367	0.214292
5370	0.215754
5373	0.215699
5376	0.215343
5379	0.213387
5382	0.21305
5385	0.212662
5388	0.223215
5391	0.234298
5394	0.241492
5397	0.247347
5400	0.246869
5403	0.247045
5406	0.248797
5409	0.248041
5412	0.249201
5415	0.25147
5418	0.266
5421	0.279293
5424	0.292467
5427	0.295273
5430	0.296151
5433	0.303734
5436	0.314087
5439	0.32444
5442	0.331447
5445	0.337803
5448	0.343415
5451	0.346189
5454	0.345884
5457	0.344015
5460	0.341369
5463	0.337431
5466	0.332748
5469	0.320243
5472	0.315212
5475	0.310909
5478	0.309334
5481	0.309212
5484	0.313013
5487	0.318006
5490	0.323563
5493	0.331396
5496	0.338709
5499	0.344081
5502	0.351397
5505	0.35289
5508	0.354525
5511	0.356966
5514	0.358945
5517	0.359787
5520	0.362566
5523	0.375024
5526	0.384041
5529	0.39399
5532	0.402941
5535	0.410135
5538	0.417209
5541	0.422338
5544	0.419795
5547	0.421841
5550	0.423745
5553	0.428812
5556	0.434326
5559	0.441387
5562	0.447728
5565	0.462039
5568	0.475719
5571	0.486484
5574	0.500247
5577	0.512281
5580	0.519272
5583	0.521647
5586	0.523497
5589	0.524911
5592	0.522599
5595	0.520068
5598	0.517642
5601	0.513132
5604	0.510353
5607	0.51348
5610	0.519637
5613	0.52486
5616	0.529598
5619	0.53153
5622	0.536766
5625	0.539003
5628	0.541723
5631	0.54438
5634	0.544196
5637	0.544795
5640	0.543576
5643	0.544764
5646	0.550885
5649	0.552864
5652	0.551645
5655	0.550705
5658	0.549874
5661	0.550422
5664	0.551598
5667	0.552993
5670	0.55266
5673	0.556187
5676	0.556536
5679	0.557492
5682	0.558605
5685	0.56156
5688	0.56386
5691	0.563738
5694	0.557586
5697	0.557692
5700	0.560098
5703	0.563354
5706	0.565823
5709	0.566528
5712	0.57004
5715	0.574068
5718	0.576474
5721	0.588493
5724	0.588783
5727	0.588101
5730	0.588089
5733	0.58798
5736	0.58798
Method1  Run Time = 75473.7 ms	( skip = 3 )
