# Seconds    Queue Density    Dynamic Density
0.199828	0.0622649	0.0622649
0.399656	0.0811336	0.0810866
0.599484	0.0994185	0.0993127
0.799313	0.103627	0.103376
0.999141	0.107048	0.106786
1.19897	0.109407	0.109102
1.3988	0.11132	0.110701
1.59863	0.112358	0.111849
1.79845	0.117621	0.116896
1.99828	0.121857	0.121109
2.19811	0.122833	0.111915
2.39794	0.123562	0.0969732
2.59777	0.124663	0.0904837
2.79759	0.125259	0.0853384
2.99742	0.126336	0.0846762
3.19725	0.125364	0.079668
3.39708	0.12529	0.0773795
3.59691	0.124816	0.0742562
3.79673	0.123965	0.0717913
3.99656	0.123436	0.0684761
4.19639	0.123362	0.0660974
4.39622	0.122371	0.0627312
4.59605	0.122363	0.0590202
4.79588	0.12377	0.0567551
4.9957	0.125004	0.0524876
5.19553	0.12643	0.0491763
5.39536	0.130173	0.0461863
5.59519	0.133606	0.04398
5.79502	0.15028	0.0541257
5.99484	0.168004	0.066987
6.19467	0.178534	0.072818
6.3945	0.177092	0.0765644
6.59433	0.180482	0.075232
6.79416	0.180893	0.0736567
6.99399	0.179878	0.0709684
7.19381	0.181465	0.0697066
7.39364	0.191137	0.0774226
7.59347	0.201835	0.0860634
7.7933	0.211851	0.0933131
7.99313	0.215119	0.0975335
8.19295	0.215578	0.0959073
8.39278	0.214963	0.0949511
8.59261	0.215284	0.0953743
8.79244	0.216793	0.0967811
8.99227	0.219571	0.0994616
9.19209	0.221417	0.101252
9.39192	0.223353	0.102197
9.59175	0.223482	0.10177
9.79158	0.22481	0.10135
9.99141	0.224873	0.100418
10.1912	0.223164	0.0999828
10.3911	0.220382	0.0971887
10.5909	0.216522	0.0927213
10.7907	0.213744	0.0893316
10.9905	0.210711	0.084637
11.1904	0.2087	0.0810396
11.3902	0.205236	0.0785002
11.59	0.203077	0.0738134
11.7899	0.200679	0.0699456
11.9897	0.198986	0.0669478
12.1895	0.198182	0.0648904
12.3893	0.196176	0.0606935
12.5892	0.195482	0.0570961
12.789	0.194718	0.0525621
12.9888	0.193347	0.0525582
13.1887	0.194232	0.04813
13.3885	0.194671	0.0436156
13.5883	0.195028	0.039595
13.7881	0.194511	0.0334112
13.988	0.195189	0.027055
14.1878	0.195181	0.0216824
14.3876	0.194483	0.0168545
14.5875	0.194428	0.0140683
14.7873	0.19513	0.0187002
14.9871	0.195569	0.0170191
15.1869	0.195451	0.0165763
15.3868	0.19558	0.0156985
15.5866	0.196607	0.0146835
15.7864	0.196008	0.0120031
15.9863	0.192003	0.00893081
16.1861	0.19252	0.00979685
16.3859	0.193147	0.0132218
16.5857	0.193449	0.0112585
16.7856	0.192206	0.00986739
16.9854	0.192152	0.00942849
17.1852	0.192728	0.00890338
17.385	0.193069	0.00849583
17.5849	0.192728	0.00799815
17.7847	0.192873	0.00714386
17.9845	0.19263	0.0095774
18.1844	0.192363	0.0086565
18.3842	0.192469	0.00819017
18.584	0.19	0.00558029
18.7838	0.188966	0.00451047
18.9837	0.189146	0.00436156
19.1835	0.189295	0.00487491
19.3833	0.188589	0.00381685
19.5832	0.188382	0.00318594
19.783	0.188923	0.00563907
19.9828	0.188883	0.00535692
20.1826	0.18893	0.00556069
20.3825	0.189295	0.00549799
20.5823	0.191434	0.00718305
20.7821	0.193308	0.00933836
20.982	0.195196	0.0100006
21.1818	0.19558	0.00932268
21.3816	0.195949	0.0118503
21.5814	0.195624	0.0117445
21.7813	0.195545	0.01138
21.9811	0.195898	0.0114897
22.1809	0.195345	0.0112037
22.3808	0.195071	0.0106903
22.5806	0.19513	0.00975375
22.7804	0.196795	0.00836651
22.9802	0.1985	0.0132453
23.1801	0.201854	0.015385
23.3799	0.200749	0.0141976
23.5797	0.198288	0.013261
23.7795	0.198222	0.012105
23.9794	0.198116	0.0111214
24.1792	0.198175	0.0107374
24.379	0.197822	0.0107178
24.5789	0.197818	0.010561
24.7787	0.198182	0.01167
24.9785	0.197461	0.0109881
25.1783	0.197626	0.0105414
25.3782	0.196744	0.010032
25.578	0.196356	0.00904054
25.7778	0.196615	0.00866434
25.9777	0.199064	0.0116426
26.1775	0.200267	0.0139194
26.3773	0.203861	0.0171171
26.5771	0.206369	0.0188139
26.777	0.208838	0.0212553
26.9768	0.211526	0.0236222
27.1766	0.2143	0.0270628
27.3765	0.221581	0.032843
27.5763	0.228866	0.0391678
27.7761	0.235077	0.0433726
27.9759	0.241751	0.0526326
28.1758	0.246889	0.0564495
28.3756	0.253433	0.0612186
28.5754	0.259456	0.0661444
28.7753	0.266094	0.0711212
28.9751	0.271643	0.0760941
29.1749	0.274567	0.0778419
29.3747	0.276859	0.0795544
29.5746	0.281354	0.0845076
29.7744	0.283454	0.0902094
29.9742	0.290539	0.0931641
30.1741	0.296884	0.0960914
30.3739	0.302625	0.0987444
30.5737	0.306046	0.0985485
30.7735	0.308985	0.0975845
30.9734	0.3123	0.0968713
31.1732	0.313323	0.0941517
31.373	0.314314	0.0938695
31.5728	0.316199	0.0906836
31.7727	0.319714	0.0898528
31.9725	0.322363	0.0879209
32.1723	0.324527	0.0838415
32.3722	0.326098	0.0799658
32.572	0.326251	0.0756435
32.7718	0.327082	0.0706902
32.9716	0.324374	0.0665637
33.1715	0.325506	0.062261
33.3713	0.331141	0.0631623
33.5711	0.344826	0.0710664
33.771	0.355724	0.0755024
33.9708	0.367449	0.0799776
34.1706	0.371363	0.077113
34.3704	0.373879	0.0736958
34.5703	0.376219	0.0699064
34.7701	0.383786	0.0710977
34.9699	0.386509	0.069201
35.1698	0.388022	0.0675434
35.3696	0.388927	0.0670066
35.5694	0.390746	0.0667009
35.7692	0.392333	0.0658584
35.9691	0.393163	0.0645573
36.1689	0.39495	0.0640205
36.3687	0.395605	0.0681116
36.5686	0.396937	0.0687739
36.7684	0.396906	0.0689855
36.9682	0.393708	0.0678217
37.168	0.392654	0.0674807
37.3679	0.38937	0.0669556
37.5677	0.386384	0.0704982
37.7675	0.384762	0.0741426
37.9673	0.379181	0.0782808
38.1672	0.384969	0.0851033
38.367	0.394504	0.0909853
38.5668	0.40209	0.094183
38.7667	0.411213	0.0960954
38.9665	0.417628	0.0936305
39.1663	0.423228	0.0902643
39.3661	0.429776	0.0877955
39.566	0.433323	0.0840844
39.7658	0.432888	0.0833555
39.9656	0.43868	0.0838375
40.1655	0.442022	0.082901
40.3653	0.44765	0.0851778
40.5651	0.453841	0.08729
40.7649	0.460715	0.0889202
40.9648	0.468297	0.0919141
41.1646	0.472487	0.092643
41.3644	0.481362	0.0977373
41.5643	0.488169	0.100527
41.7641	0.494247	0.101523
41.9639	0.49953	0.103361
42.1637	0.502959	0.102134
42.3636	0.505815	0.0985328
42.5634	0.507826	0.0933562
42.7632	0.507352	0.0861104
42.9631	0.505937	0.0823837
43.1629	0.507724	0.0759687
43.3627	0.514437	0.073641
43.5625	0.520232	0.0720421
43.7624	0.524492	0.0707098
43.9622	0.529618	0.0701415
44.162	0.535034	0.0695185
44.3618	0.539877	0.0692833
44.5617	0.544576	0.0690169
44.7615	0.543655	0.0701807
44.9613	0.546233	0.0703688
45.1612	0.549741	0.0711839
45.361	0.551194	0.0719794
45.5608	0.553706	0.0719128
45.7606	0.555094	0.0715797
45.9605	0.556634	0.0708626
46.1603	0.557492	0.0695577
46.3601	0.556328	0.0689934
46.56	0.558652	0.0686407
46.7598	0.558244	0.0660661
46.9596	0.559471	0.0638363
47.1594	0.56078	0.0606386
47.3593	0.56156	0.0587341
47.5591	0.562813	0.0564887
47.7589	0.562955	0.053867
47.9588	0.556449	0.0495368
48.1586	0.557731	0.0445874
48.3584	0.557578	0.0393951
48.5582	0.557296	0.0345124
48.7581	0.556136	0.0302448
48.9579	0.554314	0.0257579
49.1577	0.55306	0.0221174
49.3576	0.551841	0.0191235
49.5574	0.551872	0.0164705
49.7572	0.547142	0.0146561
49.957	0.547946	0.0124185
50.1569	0.547781	0.0109686
50.3567	0.547029	0.00937755
50.5565	0.547311	0.00813923
50.7563	0.546676	0.00670497
50.9562	0.545916	0.00593297
51.156	0.544732	0.00532949
51.3558	0.540057	0.00687739
51.5557	0.541131	0.00659132
51.7555	0.541707	0.00619553
51.9553	0.54313	0.00553326
52.1551	0.54271	0.00530598
52.355	0.54275	0.00495721
52.5548	0.543819	0.00638755
52.7546	0.54815	0.0106825
52.9545	0.553401	0.0180301
53.1543	0.560635	0.0228776
53.3541	0.565913	0.0264985
53.5539	0.57004	0.0292691
53.7538	0.570992	0.0295865
53.9536	0.573813	0.0301194
54.1534	0.577195	0.0299627
54.3533	0.583179	0.0290692
54.5531	0.587133	0.0279994
54.7529	0.594884	0.0272823
54.9527	0.596797	0.0235751
55.1526	0.598925	0.0209574
55.3524	0.599951	0.0183044
55.5522	0.598501	0.0150009
55.7521	0.597984	0.0111292
55.9519	0.597851	0.0090131
56.1517	0.59751	0.00766506
56.3515	0.596699	0.00724575
56.5514	0.597569	0.00640322
56.7512	0.597506	0.00547448
56.951	0.597773	0.00527854
57.1509	0.598541	0.00481221
57.3507	0.598498	0.00414211
57.5505	0.599183	0.00365227
57.7503	0.599822	0.00346809
57.9502	0.598987	0.00425183
58.15	0.599904	0.00443993
58.3498	0.60059	0.00440466
58.5496	0.601676	0.00429886
58.7495	0.598607	0.00387563
58.9493	0.599395	0.00394617
59.1491	0.598505	0.00374632
59.349	0.599642	0.0033466
59.5488	0.600739	0.00292338
59.7486	0.60253	0.00264907
59.9484	0.603278	0.00230814
60.1483	0.601386	0.0021122
60.3481	0.597545	0.00234733
60.5479	0.598921	0.00256678
60.7478	0.598909	0.00259421
60.9476	0.596432	0.00237084
61.1474	0.592361	0.00175951
61.3472	0.589586	0.00122657
61.5471	0.58932	0.00108157
61.7469	0.589081	0.000991441
61.9467	0.587067	0.00126967
62.1466	0.588274	0.00107374
62.3464	0.589645	0.00122265
62.5462	0.593058	0.00289595
62.746	0.596519	0.00496896
62.9459	0.597616	0.0049141
63.1457	0.598004	0.00453006
63.3455	0.597757	0.00442818
63.5454	0.597224	0.00463195
63.7452	0.593658	0.00489059
63.945	0.596491	0.00469857
64.1448	0.597318	0.00489843
64.3447	0.597424	0.00473776
64.5445	0.597859	0.00432237
64.7443	0.599442	0.00536868
64.9441	0.601476	0.00571744
65.144	0.60289	0.00586244
65.3438	0.598545	0.00646592
65.5436	0.599787	0.00637579
65.7435	0.599799	0.00587027
65.9433	0.599289	0.00521976
66.1431	0.600868	0.00488275
66.3429	0.601879	0.00517274
66.5428	0.598858	0.00526287
66.7426	0.596703	0.00563515
66.9424	0.592149	0.00626607
67.1423	0.592815	0.00638363
67.3421	0.597251	0.00876622
67.5419	0.597867	0.00891514
67.7417	0.595155	0.00858596
67.9416	0.595343	0.00827638
68.1414	0.595461	0.00786491
68.3412	0.594943	0.00765722
68.5411	0.594986	0.00693225
68.7409	0.594065	0.00610932
68.9407	0.593807	0.00588987
69.1405	0.592584	0.00618769
69.3404	0.593638	0.00583501
69.5402	0.594822	0.00562339
69.74	0.596178	0.00608972
69.9399	0.595174	0.00617202
70.1397	0.595229	0.00605837
70.3395	0.594736	0.00547056
70.5393	0.594316	0.00424008
70.7392	0.590303	0.00518841
70.939	0.589798	0.00485924
71.1388	0.589347	0.00470249
71.3386	0.589406	0.00431453
71.5385	0.589865	0.00418522
71.7383	0.590942	0.0039109
71.9381	0.590366	0.00357781
72.138	0.591746	0.00418913
72.3378	0.589281	0.00543529
72.5376	0.590358	0.00634836
72.7374	0.591479	0.00669321
72.9373	0.593862	0.00698712
73.1371	0.594841	0.00733588
73.3369	0.593795	0.00727318
73.5368	0.594814	0.00741818
73.7366	0.593979	0.0072967
73.9364	0.593987	0.00718697
74.1362	0.595374	0.007716
74.3361	0.594861	0.00794721
74.5359	0.59396	0.00772384
74.7357	0.595253	0.00802558
74.9356	0.594551	0.00855461
75.1354	0.595978	0.0107295
75.3352	0.597494	0.0123911
75.535	0.59691	0.0129083
75.7349	0.592678	0.013649
75.9347	0.592388	0.0136333
76.1345	0.592102	0.0126419
76.3344	0.592443	0.0128887
76.5342	0.593435	0.0128613
76.734	0.593873	0.0116818
76.9338	0.59231	0.0103259
77.1337	0.593642	0.00990658
77.3335	0.597197	0.0127437
77.5333	0.59829	0.0131826
77.7331	0.597483	0.0117993
77.933	0.595347	0.0107491
78.1328	0.594305	0.00950295
78.3326	0.593909	0.00893473
78.5325	0.591718	0.00813923
78.7323	0.590237	0.00811963
78.9321	0.591914	0.00791978
79.1319	0.588093	0.00800991
79.3318	0.586498	0.00684996
79.5316	0.586028	0.00654822
79.7314	0.586032	0.00623472
79.9313	0.585722	0.00476911
80.1311	0.585389	0.00392658
80.3309	0.585432	0.00309189
80.5307	0.58595	0.00291946
80.7306	0.585346	0.00384428
80.9304	0.586173	0.00358565
81.1302	0.58642	0.00342106
81.3301	0.587333	0.00361308
81.5299	0.587784	0.0037228
81.7297	0.58758	0.00356997
81.9295	0.587784	0.00425575
82.1294	0.587317	0.00567826
82.3292	0.586353	0.00764546
82.529	0.588121	0.00737507
82.7289	0.58901	0.00836651
82.9287	0.589171	0.00947552
83.1285	0.589939	0.00853502
83.3283	0.589837	0.00769641
83.5282	0.58825	0.00663443
83.728	0.589128	0.00655213
83.9278	0.588434	0.00596041
84.1277	0.585221	0.00745736
84.3275	0.585483	0.00683428
84.5273	0.586244	0.00676767
84.7271	0.586996	0.00645417
84.927	0.587666	0.00607405
85.1268	0.588818	0.00592514
85.3266	0.589457	0.00643457
85.5264	0.588571	0.00593689
85.7263	0.588638	0.00639539
85.9261	0.5918	0.00648552
86.1259	0.593411	0.00791586
86.3258	0.59461	0.00875447
86.5256	0.595296	0.00866826
86.7254	0.593415	0.00787275
86.9252	0.592388	0.00777478
87.1251	0.59298	0.00730845
87.3249	0.587008	0.00797856
87.5247	0.587165	0.00582325
87.7246	0.58544	0.0044752
87.9244	0.585687	0.00464371
88.1242	0.585813	0.00458885
88.324	0.584535	0.00407549
88.5239	0.583939	0.00364835
88.7237	0.584214	0.00296649
88.9235	0.583599	0.00258637
89.1234	0.583559	0.00469857
89.3232	0.584465	0.00460844
89.523	0.585546	0.00538043
89.7228	0.587404	0.00685388
89.9227	0.588685	0.00898567
90.1225	0.589994	0.0110117
90.3223	0.593043	0.0142015
90.5222	0.59454	0.0174972
90.722	0.5945	0.0231519
90.9218	0.59481	0.0236339
91.1216	0.593493	0.0238651
91.3215	0.59358	0.0248135
91.5213	0.590119	0.0251035
91.7211	0.588305	0.0252328
91.9209	0.586483	0.0245352
92.1208	0.585045	0.0228502
92.3206	0.579065	0.0249663
92.5204	0.580503	0.0224779
92.7203	0.580616	0.0205891
92.9201	0.580699	0.0192998
93.1199	0.579656	0.0184534
93.3197	0.57955	0.0179126
93.5196	0.578802	0.016976
93.7194	0.577771	0.0159375
93.9192	0.577376	0.0165684
94.1191	0.57265	0.0181438
94.3189	0.574401	0.0185513
94.5187	0.576995	0.0205734
94.7185	0.57888	0.0236692
94.9184	0.579876	0.0282345
95.1182	0.582051	0.0397674
95.318	0.584986	0.0543373
95.5179	0.5876	0.0700161
95.7177	0.584602	0.0842098
95.9175	0.58633	0.0997633
96.1173	0.589966	0.119972
96.3172	0.591064	0.143116
96.517	0.593372	0.168686
96.7168	0.592322	0.191736
96.9167	0.592984	0.213536
97.1165	0.592674	0.234901
97.3163	0.58914	0.259236
97.5161	0.586773	0.267121
97.716	0.582881	0.286362
97.9158	0.578273	0.314401
98.1156	0.573261	0.341362
98.3154	0.571078	0.363569
98.5153	0.563648	0.378586
98.7151	0.557374	0.392928
98.9149	0.5538	0.404128
99.1148	0.544446	0.403622
99.3146	0.535492	0.404136
99.5144	0.526514	0.407435
99.7142	0.521404	0.411264
99.9141	0.515436	0.417362
100.114	0.511623	0.419681
100.314	0.51082	0.413035
100.514	0.507054	0.401452
100.713	0.495043	0.391514
100.913	0.491633	0.396639
101.113	0.483714	0.400644
101.313	0.478372	0.408431
101.513	0.473157	0.417111
101.713	0.470292	0.421445
101.912	0.473239	0.423635
102.112	0.471981	0.419282
102.312	0.467208	0.411499
102.512	0.46912	0.39729
102.712	0.469434	0.389691
102.911	0.46912	0.384225
103.111	0.468207	0.377269
103.311	0.465684	0.377179
103.511	0.460758	0.37192
103.711	0.460848	0.371391
103.911	0.463042	0.373225
104.11	0.469594	0.382128
104.31	0.468772	0.376583
104.51	0.467431	0.372116
104.71	0.466448	0.379397
104.91	0.468572	0.384158
105.11	0.479799	0.391337
105.309	0.490634	0.395526
105.509	0.493804	0.396569
105.709	0.491461	0.38245
105.909	0.489964	0.374236
106.109	0.48619	0.358498
106.309	0.488694	0.3526
106.508	0.491453	0.350049
106.708	0.50085	0.355638
106.908	0.506999	0.366716
107.108	0.51156	0.371187
107.308	0.499867	0.359537
107.508	0.496951	0.358216
107.707	0.483263	0.352099
107.907	0.470457	0.354219
108.107	0.464465	0.354756
108.307	0.462764	0.350335
108.507	0.463991	0.349967
108.707	0.466902	0.355187
108.906	0.468964	0.359243
109.106	0.467463	0.351785
109.306	0.457309	0.34858
109.506	0.451031	0.340135
109.706	0.448774	0.321109
109.905	0.446936	0.305058
110.105	0.445392	0.300176
110.305	0.444409	0.292279
110.505	0.445185	0.284015
110.705	0.437708	0.283603
110.905	0.437586	0.290747
111.104	0.439228	0.296449
111.304	0.431273	0.287455
111.504	0.425289	0.268038
111.704	0.4188	0.261427
111.904	0.416284	0.266615
112.104	0.415543	0.272866
112.303	0.407479	0.266698
112.503	0.414822	0.266345
112.703	0.420626	0.270319
112.903	0.43382	0.283415
113.103	0.448884	0.304039
113.303	0.458465	0.31348
113.502	0.46593	0.310744
113.702	0.466961	0.304361
113.902	0.457921	0.292119
114.102	0.451235	0.272838
114.302	0.451169	0.266161
114.502	0.446192	0.268469
114.701	0.439287	0.270091
114.901	0.433954	0.270781
115.101	0.430242	0.27209
115.301	0.41695	0.265604
115.501	0.413435	0.272255
115.7	0.424725	0.276158
115.9	0.423142	0.269018
116.1	0.417957	0.269151
116.3	0.403176	0.282592
116.5	0.389386	0.355398
116.7	0.38685	0.368377
116.899	0.386333	0.397235
117.099	0.381199	0.398093
117.299	0.372664	0.39678
117.499	0.366054	0.383037
117.699	0.363271	0.362386
117.899	0.368804	0.344865
118.098	0.369741	0.320177
118.298	0.361617	0.297072
118.498	0.349462	0.282381
118.698	0.340488	0.278419
118.898	0.331122	0.263492
119.098	0.317641	0.242907
119.297	0.306881	0.232546
119.497	0.289015	0.220269
119.697	0.267822	0.208814
119.897	0.258445	0.198327
120.097	0.255663	0.191999
120.297	0.255518	0.184283
120.496	0.254671	0.185208
120.696	0.237864	0.175548
120.896	0.232848	0.170356
121.096	0.225418	0.167832
121.296	0.225484	0.172025
121.496	0.230947	0.180199
121.695	0.23679	0.189644
121.895	0.246532	0.196505
122.095	0.241884	0.187469
122.295	0.236465	0.183299
122.495	0.231633	0.166162
122.694	0.225124	0.150295
122.894	0.213356	0.146992
123.094	0.197724	0.137587
123.294	0.173342	0.119286
123.494	0.151557	0.10251
123.694	0.148544	0.10909
123.893	0.152984	0.119165
124.093	0.14894	0.11592
124.293	0.143277	0.112241
124.493	0.163074	0.124675
124.693	0.183225	0.136658
124.893	0.185494	0.132403
125.092	0.188084	0.12855
125.292	0.198402	0.127602
125.492	0.207568	0.131438
125.692	0.22182	0.142634
125.892	0.24362	0.156679
126.092	0.262187	0.180027
126.291	0.277031	0.19986
126.491	0.303648	0.216064
126.691	0.344367	0.241488
126.891	0.377669	0.280562
127.091	0.392525	0.28481
127.291	0.387344	0.263367
127.49	0.369976	0.247394
127.69	0.348568	0.23253
127.89	0.332152	0.226734
128.09	0.319644	0.216303
128.29	0.304302	0.19212
128.489	0.281424	0.170759
128.689	0.257685	0.155327
128.889	0.238914	0.148732
129.089	0.222867	0.13676
129.289	0.209002	0.126227
129.489	0.193378	0.118538
129.688	0.176238	0.111888
129.888	0.160821	0.105081
130.088	0.139421	0.0968752
130.288	0.112903	0.0783043
130.488	0.0891122	0.0625549
130.688	0.0648473	0.0454456
130.887	0.0463626	0.0307739
131.087	0.028744	0.0175168
131.287	0.0149931	0.00832732
131.487	0.00612499	0.00360916
131.687	0.00557637	0.00392658
131.887	0.00546664	0.00375024
132.086	0.00500031	0.00369929
132.286	0.00762587	0.00887203
132.486	0.00709684	0.00763371
132.686	0.00685388	0.00677158
132.886	0.00663051	0.00646984
133.086	0.00563123	0.0058546
133.285	0.00701063	0.00688131
133.485	0.0260008	0.0207184
133.685	0.056763	0.0496387
133.885	0.0932895	0.0804126
134.085	0.138708	0.117194
134.285	0.18112	0.149939
134.484	0.225543	0.187132
134.684	0.26216	0.221914
134.884	0.302245	0.244439
135.084	0.323547	0.250819
135.284	0.338289	0.255913
135.483	0.326137	0.23989
135.683	0.311313	0.213469
135.883	0.28597	0.18895
136.083	0.256117	0.158717
136.283	0.22927	0.145354
136.483	0.205111	0.13216
136.682	0.181575	0.123119
136.882	0.158787	0.112542
137.082	0.141855	0.102969
137.282	0.130467	0.0988463
137.482	0.104654	0.0829402
137.682	0.0838415	0.0663874
137.881	0.0620298	0.0458845
138.081	0.043063	0.0277212
138.281	0.0261302	0.0139742
138.481	0.0167291	0.00964794
138.681	0.0154202	0.0094089
138.881	0.0143073	0.00910324
139.08	0.0147031	0.0094089
139.28	0.014178	0.00944808
139.48	0.0136411	0.00884852
139.68	0.0147658	0.00931093
139.88	0.0135471	0.00819017
140.08	0.0181163	0.0122382
140.279	0.0266161	0.0189706
140.479	0.0341714	0.0263692
140.679	0.0458022	0.0357703
140.879	0.0545606	0.0444033
141.079	0.0652274	0.0532714
141.279	0.0774147	0.0626763
141.478	0.0959896	0.0759295
141.678	0.117315	0.088881
141.878	0.134891	0.0959739
142.078	0.148787	0.0991716
142.278	0.163047	0.107769
142.477	0.174807	0.111316
142.677	0.184224	0.11402
142.877	0.189275	0.117433
143.077	0.190956	0.123499
143.277	0.196035	0.128633
143.477	0.204194	0.138167
143.676	0.228745	0.164152
143.876	0.236559	0.171421
144.076	0.228451	0.169783
144.276	0.219951	0.164999
144.476	0.211353	0.160355
144.676	0.196051	0.144809
144.875	0.174627	0.125086
145.075	0.154641	0.112656
145.275	0.135447	0.0955389
145.475	0.114415	0.0854011
145.675	0.0967224	0.0722969
145.875	0.0755651	0.0580993
146.074	0.0547331	0.0440858
146.274	0.0386858	0.0299117
146.474	0.0268238	0.0211063
146.674	0.0202089	0.0147658
146.874	0.0133786	0.00658348
147.074	0.00769249	0.00145777
147.273	0.00680293	0.00105414
147.473	0.00595257	0.000838611
147.673	0.00545097	0.000779829
147.873	0.00511396	0.000509436
148.073	0.00496504	0.00059173
148.272	0.00467114	0.000705373
148.472	0.00468681	0.000830773
148.672	0.00484748	0.000834692
148.872	0.00518841	0.000909148
149.072	0.00588203	0.000893473
149.272	0.00584284	0.00101104
149.471	0.00500423	0.000756317
149.671	0.00610148	0.00127359
149.871	0.00588987	0.0010463
150.071	0.00717521	0.00173208
150.271	0.00718697	0.00190843
150.471	0.0078414	0.00242962
150.67	0.00882892	0.0019241
150.87	0.00944417	0.00197505
151.07	0.0163176	0.00576055
151.27	0.0308052	0.0119208
151.47	0.0467663	0.0223251
151.67	0.0549799	0.0306367
151.869	0.0617868	0.0356057
152.069	0.0688013	0.0399124
152.269	0.0758159	0.0406765
152.469	0.0761764	0.0427613
152.669	0.0757767	0.0389993
152.869	0.0753496	0.0344105
153.068	0.0750008	0.0328547
153.268	0.08131	0.0385095
153.468	0.0812159	0.0406334
153.668	0.0781946	0.0432629
153.868	0.071952	0.0341871
154.068	0.0678608	0.0307582
154.267	0.0609834	0.028258
154.467	0.0563084	0.0295238
154.667	0.0513002	0.0257971
154.867	0.0432355	0.0236143
155.067	0.0345711	0.0176343
155.266	0.0334504	0.0178146
155.466	0.0282659	0.0153223
155.666	0.0272	0.0144641
155.866	0.0237554	0.0124734
156.066	0.0200248	0.0104709
156.266	0.0176578	0.00843313
156.465	0.0132375	0.00622296
156.665	0.0154202	0.00909932
156.865	0.0125831	0.00647768
157.065	0.0121089	0.00592122
157.265	0.0157259	0.00622688
157.465	0.0156554	0.00645809
157.664	0.0163137	0.00675591
157.864	0.0158317	0.00618377
158.064	0.015914	0.00646984
158.264	0.0154438	0.00575271
158.464	0.0158396	0.00661092
158.664	0.0144406	0.00525111
158.863	0.0283482	0.021604
159.063	0.0590633	0.0511552
159.263	0.0660504	0.055458
159.463	0.0676453	0.052182
159.663	0.0667048	0.0519703
159.863	0.0663247	0.0558656
160.062	0.0660112	0.0563868
160.262	0.0652705	0.0569981
160.462	0.0668733	0.0589496
160.662	0.0658153	0.0583971
160.862	0.0558342	0.0498033
161.061	0.0454339	0.0411664
161.261	0.0306054	0.0234458
161.461	0.0168153	0.00820976
161.661	0.00701455	0.00112076
161.861	0.00244529	1.17562e-05
162.061	0.00858988	0.0059173
162.26	0.0423302	0.0337678
162.46	0.0512689	0.0387289
162.66	0.0553326	0.0443131
162.86	0.0575624	0.0432629
163.06	0.0595022	0.0462333
163.26	0.0595414	0.0450812
163.459	0.0603682	0.0497641
163.659	0.0612186	0.0455475
163.859	0.0602075	0.0460491
164.059	0.0554384	0.0453947
164.259	0.0425967	0.0343203
164.459	0.030625	0.0226621
164.658	0.0203226	0.0125713
164.858	0.0109333	0.00436156
165.058	0.0126419	0.00764938
165.258	0.0142329	0.00978901
165.458	0.0161413	0.011431
165.658	0.0197857	0.0129123
165.857	0.0202207	0.0137548
166.057	0.0205342	0.0143818
166.257	0.0212004	0.0142172
166.457	0.0210397	0.0144445
166.657	0.0212748	0.0142916
166.857	0.0220037	0.0156593
167.056	0.021702	0.0155104
167.256	0.0386309	0.0321415
167.456	0.0570569	0.0512101
167.656	0.0585969	0.0507163
167.856	0.0597059	0.0498777
168.055	0.0631583	0.0496975
168.255	0.0646083	0.0527502
168.455	0.0686211	0.0554306
168.655	0.0691932	0.0556383
168.855	0.0698712	0.0577348
169.055	0.0696321	0.0579386
169.254	0.069495	0.0596041
169.454	0.0724693	0.0613675
169.654	0.0727514	0.0623276
169.854	0.0654665	0.0566297
170.054	0.0571783	0.0490391
170.254	0.0447246	0.0383253
170.453	0.0311814	0.0253111
170.653	0.0216589	0.0133864
170.853	0.0103259	0.00337795
171.053	0.00583501	0.000325256
171.253	0.00494545	7.83748e-05
171.453	0.00491018	3.91874e-05
171.652	0.0046202	3.13499e-05
171.852	0.00447912	2.74312e-05
172.052	0.0045379	3.13499e-05
172.252	0.00605445	0.000376199
172.452	0.00490234	0.000141075
172.652	0.00450263	9.40498e-05
172.851	0.00427927	8.22936e-05
173.051	0.00395401	5.87811e-05
173.251	0.00392266	5.48624e-05
173.451	0.00388347	4.70249e-05
173.651	0.00382861	3.52687e-05
173.85	0.00383253	3.52687e-05
174.05	0.00540003	0.000133237
174.25	0.00535692	0.000121481
174.45	0.00490234	0.000109725
174.65	0.0047887	8.22936e-05
174.85	0.00821368	0.00342106
175.049	0.0298647	0.0250094
175.249	0.0453046	0.0399555
175.449	0.0497994	0.0439957
175.649	0.0549251	0.0469661
175.849	0.0758472	0.0682292
176.049	0.100218	0.0917456
176.248	0.125748	0.117119
176.448	0.150017	0.141815
176.648	0.158991	0.149281
176.848	0.16175	0.147533
177.048	0.165363	0.146581
177.248	0.168286	0.153536
177.447	0.160884	0.146518
177.647	0.150754	0.139981
177.847	0.143928	0.12627
178.047	0.142011	0.122292
178.247	0.138304	0.118483
178.447	0.136055	0.120348
178.646	0.125349	0.114788
178.846	0.123119	0.112037
179.046	0.120968	0.112237
179.246	0.105833	0.0972475
179.446	0.0918866	0.0828383
179.646	0.0747265	0.0661758
179.845	0.0603917	0.0498699
180.045	0.048996	0.0415857
180.245	0.0428789	0.0379099
180.445	0.0412722	0.0387368
180.645	0.0407196	0.037808
180.844	0.0408372	0.0378668
181.044	0.0400848	0.0368322
181.244	0.0400809	0.0368401
181.444	0.0399986	0.0365383
181.644	0.0409548	0.0369733
181.844	0.0527658	0.0479262
182.043	0.0693421	0.0630055
182.243	0.0867178	0.0773795
182.443	0.0927252	0.0816274
182.643	0.0951431	0.083524
182.843	0.0976511	0.0848799
183.043	0.0997163	0.0857029
183.242	0.101468	0.0857852
183.442	0.102158	0.0851386
183.642	0.104709	0.0851778
183.842	0.106899	0.0846566
184.042	0.109302	0.0835632
184.242	0.110787	0.0834809
184.441	0.1121	0.082897
184.641	0.114035	0.0813727
184.841	0.1148	0.0787079
185.041	0.115748	0.0763292
185.241	0.118405	0.0750713
185.441	0.120184	0.0738291
185.64	0.120466	0.0727083
185.84	0.120685	0.0712897
186.04	0.121791	0.0705491
186.24	0.121167	0.0681743
186.44	0.120004	0.0658309
186.639	0.122186	0.0638049
186.839	0.121983	0.061199
187.039	0.123009	0.0596197
187.239	0.121379	0.0557363
187.439	0.122343	0.0527345
187.639	0.121959	0.0500619
187.838	0.123342	0.045575
188.038	0.125247	0.0421539
188.238	0.125764	0.0366285
188.438	0.125259	0.030719
188.638	0.125545	0.027439
188.838	0.125298	0.0245666
189.037	0.12498	0.024594
189.237	0.124761	0.0221957
189.437	0.125658	0.0207889
189.637	0.12558	0.0181751
189.837	0.125333	0.0156279
190.037	0.125443	0.0130455
190.236	0.126003	0.0115838
190.436	0.126489	0.0116151
190.636	0.124839	0.0145385
190.836	0.125517	0.0145464
191.036	0.126583	0.016298
191.236	0.127586	0.0181947
191.435	0.129264	0.0189863
191.635	0.128366	0.0186023
191.835	0.128061	0.0198915
192.035	0.131348	0.0198249
192.235	0.132563	0.0209418
192.435	0.133445	0.0202403
192.634	0.135502	0.0210672
192.834	0.133316	0.0175599
193.034	0.133049	0.0153536
193.234	0.13183	0.0142172
193.434	0.130808	0.012395
193.633	0.130518	0.0119286
193.833	0.131587	0.012826
194.033	0.130768	0.0144915
194.233	0.130631	0.0135784
194.433	0.129119	0.0115838
194.633	0.129691	0.0111488
194.832	0.13069	0.0123048
195.032	0.130819	0.0114623
195.232	0.134374	0.0145385
195.432	0.136846	0.0158827
195.632	0.13486	0.0171798
195.832	0.135357	0.0172856
196.031	0.13752	0.0180889
196.231	0.139519	0.0199895
196.431	0.145899	0.0263026
196.631	0.152216	0.0317418
196.831	0.153658	0.0333916
197.031	0.160265	0.0393089
197.23	0.160943	0.0469857
197.43	0.168541	0.0534673
197.63	0.174807	0.0587419
197.83	0.180775	0.063946
198.03	0.187042	0.0676571
198.23	0.192908	0.0711134
198.429	0.198813	0.0730688
198.629	0.203261	0.0719285
198.829	0.210589	0.0715836
199.029	0.213846	0.0740564
199.229	0.229732	0.0853227
199.428	0.250251	0.10117
199.628	0.268395	0.113694
199.828	0.287369	0.123946
200.028	0.29898	0.126395
200.228	0.306775	0.126979
200.428	0.313613	0.130843
200.627	0.326509	0.138351
200.827	0.341048	0.145805
201.027	0.352295	0.150323
201.227	0.361214	0.152894
201.427	0.369189	0.154269
201.627	0.371015	0.151522
201.826	0.369506	0.146953
202.026	0.368138	0.142983
202.226	0.359023	0.142172
202.426	0.363197	0.141925
202.626	0.363624	0.141941
202.826	0.363338	0.136094
203.025	0.361794	0.129393
203.225	0.36295	0.124365
203.425	0.362719	0.12045
203.625	0.365454	0.117163
203.825	0.380353	0.123382
204.025	0.384875	0.13232
204.224	0.395021	0.135326
204.424	0.406879	0.140107
204.624	0.412502	0.139621
204.824	0.413874	0.136972
205.024	0.416358	0.133104
205.224	0.416535	0.128292
205.423	0.421676	0.125968
205.623	0.41775	0.121516
205.823	0.423812	0.121128
206.023	0.430254	0.118922
206.223	0.433178	0.114619
206.422	0.434357	0.108874
206.622	0.434016	0.1034
206.822	0.431645	0.0954292
207.022	0.423914	0.0877798
207.222	0.413459	0.0859537
207.422	0.410492	0.0805615
207.621	0.405793	0.0763018
207.821	0.403227	0.0712192
208.021	0.40008	0.0654116
208.221	0.398563	0.058354
208.421	0.399884	0.054063
208.621	0.401197	0.0498856
208.82	0.405335	0.0472639
209.02	0.402784	0.0459629
209.22	0.406025	0.0422989
209.42	0.410014	0.0387407
209.62	0.413592	0.0349826
209.82	0.414744	0.0297942
210.019	0.417087	0.026573
210.219	0.419756	0.0235203
210.419	0.421833	0.0194683
210.619	0.420798	0.0220508
210.819	0.421762	0.0204597
211.019	0.421852	0.0200835
211.218	0.422146	0.0186924
211.418	0.423733	0.0185552
211.618	0.423165	0.0181634
211.818	0.425473	0.0175364
212.018	0.425438	0.0179831
212.217	0.431732	0.0225288
212.417	0.43605	0.023438
212.617	0.442293	0.0274273
212.817	0.44877	0.0313421
213.017	0.452101	0.0311383
213.217	0.455746	0.031538
213.416	0.458595	0.0312089
213.616	0.461557	0.0310717
213.816	0.463822	0.0306759
214.016	0.458328	0.033325
214.216	0.460781	0.0319534
214.416	0.461295	0.0299823
214.615	0.46122	0.0272979
214.815	0.462204	0.0240297
215.015	0.464386	0.0228854
215.215	0.466467	0.0201188
215.415	0.466761	0.0176226
215.615	0.464214	0.0186767
215.814	0.466538	0.0166429
216.014	0.46671	0.0146835
216.214	0.46633	0.0135667
216.414	0.466267	0.0125086
216.614	0.465644	0.0110861
216.814	0.464653	0.00855069
217.013	0.463869	0.00693617
217.213	0.459802	0.00926782
217.413	0.461557	0.00761019
217.613	0.463168	0.00554502
217.813	0.464661	0.00546272
218.013	0.466119	0.00555286
218.212	0.467024	0.00536476
218.412	0.467028	0.00514139
218.612	0.46709	0.00480438
218.812	0.468043	0.0046633
219.012	0.462713	0.00526679
219.211	0.462294	0.00371105
219.411	0.463509	0.00456925
219.611	0.463783	0.00378942
219.811	0.464136	0.0034093
220.011	0.462686	0.00312716
220.211	0.462854	0.00369929
220.41	0.461992	0.00359349
220.61	0.455166	0.00409117
220.81	0.458485	0.00413035
221.01	0.457717	0.00401279
221.21	0.456302	0.00413819
221.41	0.454492	0.00394617
221.609	0.456831	0.00423616
221.809	0.457913	0.00551759
222.009	0.456447	0.00561164
222.209	0.453202	0.00620729
222.409	0.454739	0.00641498
222.609	0.456776	0.0063562
222.808	0.456051	0.00654038
223.008	0.454954	0.00612107
223.208	0.453841	0.00587419
223.408	0.453128	0.00595649
223.608	0.454057	0.00645417
223.808	0.455812	0.00625431
224.007	0.456541	0.00564691
224.207	0.458109	0.00500031
224.407	0.458606	0.00422048
224.607	0.459653	0.00304486
224.807	0.461048	0.00265299
225.006	0.461769	0.00241786
225.206	0.461828	0.00213963
225.406	0.46278	0.00219058
225.606	0.458791	0.00272744
225.806	0.460056	0.00262164
226.006	0.459014	0.00282149
226.205	0.458928	0.00276663
226.405	0.459613	0.00273528
226.605	0.460652	0.00329958
226.805	0.462415	0.0046202
227.005	0.463948	0.00557245
227.205	0.460797	0.00568217
227.404	0.462364	0.00583109
227.604	0.463258	0.00612107
227.804	0.464606	0.00625039
228.004	0.464865	0.00626215
228.204	0.46423	0.00558421
228.404	0.464465	0.00550975
228.603	0.465013	0.00529814
228.803	0.465738	0.00561556
229.003	0.470982	0.00707333
229.203	0.471812	0.00618769
229.403	0.470993	0.00490626
229.603	0.47124	0.00412643
229.802	0.471283	0.00332701
230.002	0.471589	0.00300176
230.202	0.471291	0.00271177
230.402	0.470927	0.00230814
230.602	0.470449	0.00315851
230.802	0.472436	0.00341322
231.001	0.472573	0.00346417
231.201	0.469187	0.00213571
231.401	0.466734	0.00129318
231.601	0.465832	0.000967929
231.801	0.465409	0.000960092
232	0.465864	0.000858204
232.2	0.463469	0.00118346
232.4	0.464649	0.00099536
232.6	0.464963	0.000975767
232.8	0.465539	0.000924823
233	0.46546	0.00093266
233.199	0.466166	0.00074848
233.399	0.465605	0.00074848
233.599	0.464316	0.000842529
233.799	0.464038	0.000681861
233.999	0.461267	0.00074848
234.199	0.462168	0.00046633
234.398	0.461659	0.000415387
234.598	0.461749	0.000391874
234.798	0.46202	0.000454574
234.998	0.461996	0.000427143
235.198	0.461886	0.000380118
235.398	0.461984	0.000376199
235.597	0.459884	0.000771992
235.797	0.460954	0.000556461
235.997	0.460836	0.000552542
236.197	0.463599	0.00135197
236.397	0.465166	0.00234733
236.597	0.46693	0.00257853
236.796	0.467463	0.00244138
236.996	0.469661	0.00262948
237.196	0.46742	0.0021749
237.396	0.467122	0.00159493
237.596	0.466154	0.00141858
237.795	0.465343	0.00204558
237.995	0.466718	0.00181438
238.195	0.467114	0.00160277
238.395	0.467874	0.0016106
238.595	0.46912	0.00184181
238.795	0.469798	0.00190451
238.994	0.470163	0.00178303
239.194	0.469986	0.00162628
239.394	0.46887	0.00155966
239.594	0.464825	0.00144993
239.794	0.462188	0.000834692
239.994	0.461275	0.000501599
240.193	0.461906	0.000454574
240.393	0.462556	0.000670105
240.593	0.463971	0.00130886
240.793	0.464347	0.00160277
240.993	0.46613	0.0025511
241.193	0.470253	0.0048083
241.392	0.471009	0.00431845
241.592	0.468666	0.00260988
241.792	0.468493	0.00230814
241.992	0.468485	0.0024257
242.192	0.468329	0.00244921
242.392	0.467161	0.00281366
242.591	0.466177	0.00262948
242.791	0.462427	0.00244529
242.991	0.463344	0.00220233
243.191	0.463395	0.00230814
243.391	0.464128	0.00278231
243.591	0.4647	0.00298608
243.79	0.465041	0.00311932
243.99	0.465437	0.00314675
244.19	0.465088	0.00331917
244.39	0.464688	0.00355038
244.59	0.462592	0.00354646
244.789	0.461012	0.00316242
244.989	0.461933	0.00392658
245.189	0.465546	0.00473384
245.389	0.468634	0.00608189
245.589	0.470484	0.00512179
245.789	0.470304	0.00484356
245.988	0.469387	0.00432629
246.188	0.46461	0.00428318
246.388	0.463391	0.00823719
246.588	0.461961	0.0132218
246.788	0.463387	0.0169446
246.988	0.463783	0.0165018
247.187	0.465997	0.016302
247.387	0.467572	0.0176304
247.587	0.46787	0.0185709
247.787	0.466765	0.0186297
247.987	0.467929	0.0182339
248.187	0.467126	0.0182104
248.386	0.46729	0.0189667
248.586	0.467608	0.0191548
248.786	0.466691	0.0185592
248.986	0.466671	0.0176853
249.186	0.466475	0.0170426
249.386	0.46615	0.0172973
249.585	0.465229	0.0175168
249.785	0.464876	0.0177911
249.985	0.464916	0.0169603
250.185	0.463466	0.0161531
250.385	0.463309	0.0152439
250.584	0.46296	0.0138488
250.784	0.461589	0.0123715
250.984	0.458873	0.0109725
251.184	0.452356	0.0117366
251.384	0.454264	0.0103455
251.584	0.455601	0.0110704
251.783	0.459653	0.0130494
251.983	0.465742	0.0139742
252.183	0.47077	0.0144993
252.383	0.473799	0.0157259
252.583	0.476166	0.0181712
252.783	0.473388	0.0235438
252.982	0.478196	0.0291946
253.182	0.481225	0.0355508
253.382	0.484646	0.0402651
253.582	0.487037	0.0439448
253.782	0.487135	0.0467898
253.982	0.488906	0.047162
254.181	0.490086	0.0456181
254.381	0.492194	0.0414995
254.581	0.502245	0.0360563
254.781	0.502508	0.0288654
254.981	0.502786	0.0227953
255.181	0.503303	0.0177441
255.38	0.503778	0.0126262
255.58	0.504507	0.0089504
255.78	0.504542	0.00634052
255.98	0.504753	0.00463979
256.18	0.502806	0.00598784
256.38	0.503915	0.00482397
256.579	0.504706	0.00414211
256.779	0.504091	0.00451439
256.979	0.503688	0.00607405
257.179	0.503468	0.00682645
257.379	0.502183	0.00831557
257.578	0.501352	0.00753182
257.778	0.498985	0.00895824
257.978	0.500364	0.00764546
258.178	0.499902	0.00734372
258.378	0.499737	0.00768465
258.578	0.499259	0.00802166
258.777	0.501501	0.00779046
258.977	0.501513	0.00688523
259.177	0.501109	0.00643457
259.377	0.49884	0.0124067
259.577	0.494945	0.0148873
259.777	0.491677	0.0168584
259.976	0.49643	0.0150636
260.176	0.498233	0.0114153
260.376	0.500235	0.0106903
260.576	0.501383	0.00935795
260.776	0.501101	0.00869569
260.976	0.500392	0.00732413
261.175	0.499201	0.00741034
261.375	0.498993	0.00613283
261.575	0.499236	0.00551367
261.775	0.495309	0.00735156
261.975	0.497982	0.00468681
262.175	0.49933	0.0037424
262.374	0.499608	0.00460844
262.574	0.496673	0.00540003
262.774	0.49721	0.00357781
262.974	0.499255	0.00216315
263.174	0.499228	0.0017987
263.373	0.499353	0.00168114
263.573	0.498354	0.0025511
263.773	0.497253	0.00419305
263.973	0.497363	0.00456141
264.173	0.499079	0.00290379
264.373	0.499608	0.00148912
264.572	0.496967	0.00240219
264.772	0.496426	0.00197896
264.972	0.49567	0.00191235
265.172	0.492437	0.00589771
265.372	0.488589	0.00906013
265.572	0.492445	0.00547056
265.771	0.495129	0.00286852
265.971	0.496591	0.00128535
266.171	0.493985	0.0020691
266.371	0.495309	0.00135588
266.571	0.495443	0.0014421
266.771	0.496085	0.00115603
266.97	0.495889	0.000991441
267.17	0.495066	0.000897392
267.37	0.49536	0.000944417
267.57	0.495395	0.00158317
267.77	0.495384	0.00479262
267.97	0.497026	0.00772384
268.169	0.498566	0.0110744
268.369	0.49819	0.0115289
268.569	0.497249	0.0085938
268.769	0.497504	0.00675591
268.969	0.497002	0.00666578
269.169	0.497602	0.00655213
269.368	0.498001	0.00476911
269.568	0.497672	0.00279014
269.768	0.496783	0.00151263
269.968	0.497492	0.00124224
270.168	0.497065	0.00103063
270.367	0.496787	0.00137548
270.567	0.497429	0.00206126
270.767	0.495615	0.00377767
270.967	0.492966	0.00489451
271.167	0.496744	0.01196
271.367	0.497371	0.0126419
271.566	0.498154	0.0121677
271.766	0.499263	0.0110077
271.966	0.498593	0.00773559
272.166	0.498013	0.00565474
272.366	0.497053	0.00340539
272.566	0.497398	0.00498464
272.765	0.491285	0.00838611
272.965	0.492304	0.007089
273.165	0.492719	0.00803342
273.365	0.493409	0.00962051
273.565	0.495693	0.0113761
273.765	0.496226	0.0129828
273.964	0.496348	0.0144797
274.164	0.494298	0.0173796
274.364	0.493648	0.0194409
274.564	0.491622	0.0198602
274.764	0.495235	0.0172111
274.964	0.494945	0.0150049
275.163	0.495772	0.0159218
275.363	0.496218	0.0206792
275.563	0.498487	0.0259577
275.763	0.49826	0.0313499
275.963	0.502539	0.0361425
276.163	0.503864	0.044466
276.362	0.510483	0.0498581
276.562	0.515624	0.0558185
276.762	0.521608	0.0640714
276.962	0.522074	0.0696987
277.162	0.520895	0.0800168
277.361	0.522419	0.0862045
277.561	0.524143	0.0907855
277.761	0.528564	0.103749
277.961	0.535363	0.118789
278.161	0.540249	0.136498
278.361	0.545826	0.15276
278.56	0.544666	0.173647
278.76	0.541938	0.190145
278.96	0.535586	0.204978
279.16	0.532957	0.221475
279.36	0.52961	0.228557
279.56	0.522031	0.232072
279.759	0.522564	0.237135
279.959	0.526973	0.252555
280.159	0.528297	0.276561
280.359	0.526024	0.296986
280.559	0.522027	0.311646
280.759	0.518144	0.32524
280.958	0.510075	0.340821
281.158	0.495603	0.353404
281.358	0.481946	0.360575
281.558	0.469305	0.353878
281.758	0.46111	0.353
281.958	0.451129	0.353314
282.157	0.44279	0.358847
282.357	0.437739	0.358925
282.557	0.42378	0.361962
282.757	0.397431	0.38656
282.957	0.399508	0.37828
283.156	0.398364	0.398191
283.356	0.40521	0.401232
283.556	0.411119	0.410892
283.756	0.418043	0.411738
283.956	0.420101	0.417291
284.156	0.42331	0.405014
284.355	0.422985	0.392184
284.555	0.416672	0.382677
284.755	0.422464	0.372986
284.955	0.421935	0.357758
285.155	0.422315	0.340907
285.355	0.421711	0.334414
285.554	0.424125	0.324899
285.754	0.421845	0.319272
285.954	0.418067	0.336847
286.154	0.419247	0.344524
286.354	0.431516	0.345578
286.554	0.44475	0.35273
286.753	0.45937	0.354289
286.953	0.465519	0.354329
287.153	0.477424	0.364075
287.353	0.495791	0.36788
287.553	0.507132	0.369859
287.753	0.505157	0.3748
287.952	0.508586	0.378182
288.152	0.503307	0.37096
288.352	0.492703	0.376908
288.552	0.485454	0.387066
288.752	0.482217	0.397925
288.952	0.479376	0.40026
289.151	0.481245	0.398238
289.351	0.484396	0.394821
289.551	0.488024	0.398767
289.751	0.497668	0.394351
289.951	0.502872	0.395307
290.15	0.499926	0.39352
290.35	0.487472	0.381662
290.55	0.478043	0.368299
290.75	0.472679	0.362703
290.95	0.466083	0.344281
291.15	0.468231	0.33287
291.349	0.470202	0.326741
291.549	0.469638	0.326176
291.749	0.468654	0.334218
291.949	0.463803	0.34106
292.149	0.456533	0.334617
292.349	0.441368	0.324856
292.548	0.429623	0.321772
292.748	0.422001	0.328923
292.948	0.417209	0.325408
293.148	0.410523	0.323061
293.348	0.400597	0.309722
293.548	0.395103	0.30141
293.747	0.383457	0.312316
293.947	0.371493	0.311097
294.147	0.366833	0.295046
294.347	0.369334	0.283078
294.547	0.363824	0.260099
294.747	0.360877	0.254812
294.946	0.365015	0.258833
295.146	0.375439	0.265009
295.346	0.387528	0.272874
295.546	0.39778	0.284838
295.746	0.410182	0.297064
295.945	0.418957	0.308824
296.145	0.431583	0.31674
296.345	0.453026	0.339798
296.545	0.467298	0.356762
296.745	0.474489	0.36699
296.945	0.491626	0.378852
297.144	0.502477	0.383598
297.344	0.500729	0.374491
297.544	0.498989	0.361284
297.744	0.494863	0.35012
297.944	0.494635	0.347443
298.144	0.489059	0.34849
298.343	0.479489	0.350857
298.543	0.470684	0.350637
298.743	0.455221	0.347976
298.943	0.447073	0.343599
299.143	0.442261	0.342909
299.343	0.436556	0.336467
299.542	0.435047	0.325992
299.742	0.435607	0.323692
299.942	0.439792	0.323327
300.142	0.439373	0.309769
300.342	0.432892	0.290782
300.542	0.428463	0.284642
300.741	0.422068	0.284183
300.941	0.41012	0.274657
301.141	0.400405	0.268348
301.341	0.408921	0.281577
301.541	0.425752	0.298933
301.741	0.433891	0.305791
301.94	0.442179	0.316254
302.14	0.436222	0.30605
302.34	0.418565	0.292953
302.54	0.405754	0.269845
302.74	0.384828	0.246473
302.939	0.373401	0.240137
303.139	0.364686	0.229129
303.339	0.354054	0.22327
303.539	0.360215	0.223717
303.739	0.370497	0.233051
303.939	0.387591	0.243718
304.138	0.405613	0.254295
304.338	0.416989	0.256066
304.538	0.417166	0.265119
304.738	0.417346	0.269288
304.938	0.414709	0.272921
305.138	0.406467	0.27024
305.337	0.404018	0.274512
305.537	0.407443	0.276165
305.737	0.409712	0.272262
305.937	0.409732	0.268559
306.137	0.394241	0.258845
306.337	0.388527	0.252191
306.536	0.377829	0.241563
306.736	0.368789	0.238404
306.936	0.36014	0.23311
307.136	0.347918	0.230324
307.336	0.332325	0.214504
307.536	0.314581	0.197873
307.735	0.293631	0.182653
307.935	0.277823	0.174004
308.135	0.267419	0.166464
308.335	0.261247	0.166433
308.535	0.276067	0.177934
308.734	0.288408	0.185925
308.934	0.28858	0.180576
309.134	0.290896	0.1815
309.334	0.295011	0.186955
309.534	0.307539	0.200005
309.734	0.325902	0.214085
309.933	0.333932	0.222153
310.133	0.33274	0.220684
310.333	0.324456	0.209367
310.533	0.307903	0.194499
310.733	0.301488	0.180909
310.933	0.296829	0.174298
311.132	0.27403	0.162538
311.332	0.260087	0.149571
311.532	0.247602	0.14446
311.732	0.233737	0.134299
311.932	0.217972	0.130467
312.132	0.206808	0.130083
312.331	0.206729	0.133092
312.531	0.207807	0.135197
312.731	0.198857	0.129428
312.931	0.19214	0.124694
313.131	0.196251	0.125247
313.331	0.204695	0.127277
313.53	0.208767	0.128805
313.73	0.209559	0.132113
313.93	0.2176	0.139444
314.13	0.232174	0.152361
314.33	0.257018	0.167703
314.53	0.269131	0.173596
314.729	0.27963	0.177045
314.929	0.282028	0.176731
315.129	0.284806	0.178785
315.329	0.282984	0.174639
315.529	0.278117	0.168345
315.728	0.276118	0.164709
315.928	0.265597	0.164665
316.128	0.255804	0.163843
316.328	0.246516	0.153736
316.528	0.229783	0.141604
316.728	0.20787	0.134244
316.927	0.187445	0.122182
317.127	0.163525	0.126035
317.327	0.149343	0.125776
317.527	0.131391	0.127825
317.727	0.115007	0.140459
317.927	0.100908	0.130294
318.126	0.0828579	0.116998
318.326	0.0660347	0.101727
318.526	0.0521467	0.0864435
318.726	0.0379021	0.0673945
318.926	0.0220939	0.0475304
319.126	0.0112899	0.0328978
319.325	0.00788451	0.025417
319.525	0.00428318	0.0263927
319.725	0.00217098	0.022278
319.925	0.00199072	0.0186689
320.125	0.00178695	0.0143779
320.325	0.00167722	0.0110587
320.524	0.00175951	0.00839002
320.724	0.0019868	0.00636404
320.924	0.00202991	0.0046633
321.124	0.00347592	0.00893081
321.324	0.00295865	0.00744953
321.523	0.00289595	0.00612499
321.723	0.00272352	0.00553718
321.923	0.00263731	0.00497288
322.123	0.00318202	0.00424008
322.323	0.00290771	0.00356605
322.523	0.00282933	0.00315459
322.722	0.00291162	0.00256286
322.922	0.0033035	0.00230814
323.122	0.00322512	0.00163803
323.322	0.00327607	0.00149304
323.522	0.00299392	0.00137548
323.722	0.00355822	0.00190843
323.921	0.00380902	0.001881
324.121	0.00314675	0.00155182
324.321	0.00300176	0.0013794
324.521	0.00300567	0.00125008
324.721	0.00276663	0.000928742
324.921	0.00289203	0.000775911
325.12	0.00286852	0.000634836
325.32	0.00344849	0.000842529
325.52	0.00301743	0.000701455
325.72	0.00308797	0.000576055
325.92	0.00315459	0.000568217
326.12	0.0028019	0.000407549
326.319	0.00281366	0.000384037
326.519	0.00290379	0.000313499
326.719	0.00285284	0.000239043
326.919	0.00277055	0.000203775
327.119	0.00337404	0.000536868
327.319	0.00318202	0.000407549
327.518	0.011094	0.00809612
327.718	0.0393246	0.0351785
327.918	0.048177	0.0419776
328.118	0.0546351	0.0475853
328.318	0.082274	0.0645573
328.517	0.107887	0.0858518
328.717	0.11188	0.0971534
328.917	0.111425	0.0993205
329.117	0.112652	0.0970711
329.317	0.113863	0.0932895
329.517	0.113714	0.0921845
329.716	0.105108	0.0893316
329.916	0.094089	0.0776773
330.116	0.0850798	0.0717326
330.316	0.078896	0.0674063
330.516	0.0711095	0.0617084
330.716	0.0569197	0.0505988
330.915	0.0600586	0.0557676
331.115	0.0709723	0.0657839
331.315	0.0793859	0.069444
331.515	0.0863534	0.0715405
331.715	0.0841981	0.0713838
331.915	0.0868902	0.0729082
332.114	0.0890103	0.0719834
332.314	0.087337	0.0676257
332.514	0.087819	0.0618377
332.714	0.0892807	0.0582482
332.914	0.0924901	0.0573351
333.114	0.085213	0.0552817
333.313	0.0785081	0.0507869
333.513	0.0741426	0.0507595
333.713	0.0653137	0.0470288
333.913	0.0487139	0.0341871
334.113	0.0320553	0.0212748
334.312	0.0188766	0.011572
334.512	0.0154163	0.00738291
334.712	0.0138802	0.00541962
334.912	0.00994576	0.00366794
335.112	0.00961267	0.00377767
335.312	0.0112154	0.00442818
335.511	0.0113996	0.00432629
335.711	0.0115877	0.00519233
335.911	0.0121285	0.00525895
336.111	0.0118738	0.0056665
336.311	0.0142721	0.00675591
336.511	0.0241159	0.0149422
336.71	0.0326627	0.0218039
336.91	0.0442347	0.0297276
337.11	0.0642125	0.0432707
337.31	0.0836142	0.0596707
337.51	0.108298	0.0788843
337.71	0.139417	0.106409
337.909	0.163705	0.126818
338.109	0.189604	0.147102
338.309	0.209304	0.162267
338.509	0.212415	0.161852
338.709	0.213505	0.158102
338.909	0.211918	0.154626
339.108	0.207478	0.15193
339.308	0.197497	0.150585
339.508	0.187194	0.144942
339.708	0.169384	0.133398
339.908	0.156887	0.129287
340.108	0.142799	0.119627
340.307	0.114459	0.101131
340.507	0.0858479	0.0739741
340.707	0.0608776	0.049384
340.907	0.0403709	0.0292299
341.107	0.0222859	0.0117641
341.306	0.00949511	0.0016929
341.506	0.00237868	6.66186e-05
341.706	0.00264907	7.44561e-05
341.906	0.00289203	4.31062e-05
342.106	0.00457709	0.000286068
342.306	0.0039932	0.000215531
342.505	0.00366794	0.000195937
342.705	0.00362484	0.000129318
342.905	0.00354254	0.000121481
343.105	0.00352687	0.000109725
343.305	0.00350335	7.44561e-05
343.505	0.00346417	5.48624e-05
343.704	0.00545489	0.000231206
343.904	0.00483573	0.000176343
344.104	0.00428318	0.000105806
344.304	0.00402847	0.000105806
344.504	0.00385996	8.22936e-05
344.704	0.00376591	7.05373e-05
344.903	0.00370713	5.87811e-05
345.103	0.00367186	4.31062e-05
345.303	0.0041813	0.000137156
345.503	0.00379334	0.000109725
345.703	0.00335444	7.83748e-05
345.903	0.00289595	6.66186e-05
346.102	0.000603486	0.0001254
346.302	0.000211612	0.000144993
346.502	0	0.000101887
346.702	0.000192018	5.48624e-05
346.902	0.000246881	5.09436e-05
347.101	0.000548624	5.09436e-05
347.301	0.000658348	5.48624e-05
347.501	0.000791586	7.05373e-05
347.701	0.00404414	0.000129318
347.901	0.00353862	4.31062e-05
348.101	0.00309581	1.95937e-05
348.3	0.00275487	1.95937e-05
348.5	0.00269609	7.83748e-06
348.7	0.0026138	7.83748e-06
348.9	0.00270001	7.83748e-06
349.1	0.00279406	1.17562e-05
349.3	0.00281366	7.83748e-06
349.499	0.00326431	3.91874e-05
349.699	0.00309189	3.52687e-05
349.899	0.00308797	5.09436e-05
350.099	0.00324472	3.52687e-05
350.299	0.015479	0.0122343
350.499	0.0394225	0.0353706
350.698	0.0532674	0.0484004
350.898	0.0561791	0.0515393
351.098	0.0570961	0.0530989
351.298	0.0579268	0.0529069
351.498	0.0580483	0.0521036
351.698	0.0586518	0.0493369
351.897	0.0589261	0.0487491
352.097	0.0590633	0.0468642
352.297	0.0599097	0.0467192
352.497	0.0796562	0.0661405
352.697	0.100504	0.0837631
352.897	0.110485	0.0943319
353.096	0.114466	0.0987484
353.296	0.117786	0.102401
353.496	0.119804	0.103882
353.696	0.121681	0.105622
353.896	0.12268	0.106331
354.095	0.122229	0.105634
354.295	0.123154	0.105065
354.495	0.123456	0.103294
354.695	0.123491	0.101593
354.895	0.122743	0.0975375
355.095	0.135761	0.105058
355.294	0.15086	0.112421
355.494	0.156624	0.111198
355.694	0.156828	0.104595
355.894	0.158129	0.10088
356.094	0.157784	0.0974708
356.294	0.157361	0.0925842
356.493	0.162095	0.0944652
356.693	0.178361	0.106076
356.893	0.19636	0.119341
357.093	0.207795	0.126191
357.293	0.213567	0.126442
357.493	0.214042	0.12424
357.692	0.216894	0.122245
357.892	0.21595	0.116869
358.092	0.215868	0.111625
358.292	0.214853	0.104615
358.492	0.212984	0.0973298
358.692	0.211122	0.0913302
358.891	0.219163	0.0956917
359.091	0.230128	0.104866
359.291	0.239549	0.113984
359.491	0.247245	0.126156
359.691	0.247155	0.124855
359.89	0.247061	0.121501
360.09	0.247786	0.119322
360.29	0.248389	0.117453
360.49	0.248679	0.112938
360.69	0.251074	0.108479
360.89	0.259366	0.111085
361.089	0.272968	0.121881
361.289	0.288988	0.130271
361.489	0.294294	0.129197
361.689	0.295649	0.125286
361.889	0.301065	0.124914
362.089	0.309796	0.127998
362.288	0.32002	0.132461
362.488	0.327897	0.135161
362.688	0.335393	0.147929
362.888	0.34173	0.149986
363.088	0.345993	0.14854
363.288	0.345629	0.145832
363.487	0.344622	0.141623
363.687	0.342847	0.135165
363.887	0.339112	0.128719
364.087	0.334637	0.120298
364.287	0.329347	0.110736
364.487	0.316685	0.103059
364.686	0.312837	0.0955781
364.886	0.309573	0.0886733
365.086	0.308679	0.0847702
365.286	0.310243	0.0828931
365.486	0.3156	0.0814902
365.686	0.320788	0.08073
365.885	0.328516	0.0813844
366.085	0.336604	0.0860869
366.285	0.341358	0.0852365
366.485	0.349089	0.0834418
366.685	0.352961	0.0817449
366.884	0.353984	0.0777635
367.084	0.355782	0.0727985
367.284	0.358298	0.0680764
367.484	0.359188	0.0636913
367.684	0.358447	0.0663129
367.884	0.370674	0.0741661
368.083	0.380059	0.07986
368.283	0.390483	0.0854756
368.483	0.399198	0.0888143
368.683	0.406683	0.0913811
368.883	0.414615	0.0929251
369.083	0.420685	0.0953469
369.282	0.422805	0.0924705
369.482	0.421429	0.0935639
369.682	0.423447	0.0913654
369.882	0.425822	0.0886537
370.082	0.43219	0.089265
370.282	0.438538	0.0901898
370.481	0.445165	0.0899821
370.681	0.456165	0.0937128
370.881	0.470574	0.10166
371.081	0.480375	0.114349
371.281	0.495395	0.121571
371.481	0.508288	0.124185
371.68	0.516772	0.121097
371.88	0.520276	0.117844
372.08	0.521953	0.113271
372.28	0.524813	0.109533
372.48	0.524598	0.10425
372.679	0.520401	0.100998
372.879	0.51883	0.0968047
373.079	0.513571	0.0928898
373.279	0.512552	0.0897117
373.479	0.510753	0.0856206
373.679	0.517278	0.0876152
373.878	0.523387	0.0917025
374.078	0.528509	0.093509
374.278	0.532396	0.0943829
374.478	0.534657	0.0959543
374.678	0.538815	0.0939675
374.878	0.540347	0.0927017
375.077	0.543134	0.0913067
375.277	0.54474	0.0886027
375.477	0.545469	0.08285
375.677	0.54331	0.0751144
375.877	0.543541	0.0662385
376.077	0.549396	0.0637501
376.276	0.552609	0.0630447
376.476	0.552601	0.0611245
376.676	0.550959	0.0574527
376.876	0.550191	0.0552386
377.076	0.548973	0.0535026
377.276	0.55092	0.0536593
377.475	0.55226	0.0529422
377.675	0.551308	0.0535849
377.875	0.554902	0.053291
378.075	0.556853	0.0518449
378.275	0.556614	0.0492429
378.475	0.558013	0.0464214
378.674	0.560564	0.0444033
378.874	0.562731	0.0421852
379.074	0.563401	0.0405942
379.274	0.562888	0.0378394
379.474	0.55728	0.0372006
379.673	0.55922	0.0366441
379.873	0.562194	0.035445
380.073	0.565126	0.0339049
380.273	0.566619	0.0327685
380.473	0.569083	0.0298843
380.673	0.573206	0.02575
380.872	0.576149	0.0216079
381.072	0.588289	0.019821
381.272	0.588614	0.0176226
381.472	0.588383	0.015624
381.672	0.588321	0.0134648
381.872	0.587901	0.0109921
382.071	0.588003	0.00891905
