Frame number	Queue Density
0	0.0661013
1	0.0630369
2	0.0622649
3	0.0677119
4	0.0765291
5	0.0811336
6	0.0895942
7	0.0966009
8	0.0994185
9	0.101311
10	0.102655
11	0.103627
12	0.105112
13	0.10648
14	0.107048
15	0.107953
16	0.108996
17	0.109407
18	0.109858
19	0.111837
20	0.11132
21	0.111919
22	0.112558
23	0.112358
24	0.113369
25	0.116488
26	0.117621
27	0.11969
28	0.121728
29	0.121857
30	0.122194
31	0.122468
32	0.122833
33	0.123288
34	0.123448
35	0.123562
36	0.124291
37	0.124596
38	0.124663
39	0.124898
40	0.125082
41	0.125259
42	0.125274
43	0.125384
44	0.126336
45	0.125361
46	0.125157
47	0.125364
48	0.125263
49	0.125024
50	0.12529
51	0.125008
52	0.125306
53	0.124816
54	0.124545
55	0.124099
56	0.123965
57	0.123875
58	0.123746
59	0.123436
60	0.123248
61	0.123558
62	0.123362
63	0.123209
64	0.122664
65	0.122371
66	0.12315
67	0.122288
68	0.122363
69	0.12406
70	0.123581
71	0.12377
72	0.124126
73	0.124828
74	0.125004
75	0.125658
76	0.126207
77	0.12643
78	0.127132
79	0.129111
80	0.130173
81	0.131411
82	0.132638
83	0.133606
84	0.140009
85	0.146698
86	0.15028
87	0.156828
88	0.164893
89	0.168004
90	0.173937
91	0.177789
92	0.178534
93	0.178542
94	0.177429
95	0.177092
96	0.178381
97	0.179612
98	0.180482
99	0.180799
100	0.18114
101	0.180893
102	0.180866
103	0.179874
104	0.179878
105	0.180141
106	0.180364
107	0.181465
108	0.185392
109	0.18897
110	0.191137
111	0.195553
112	0.200087
113	0.201835
114	0.206157
115	0.210613
116	0.211851
117	0.213626
118	0.214034
119	0.215119
120	0.215272
121	0.214959
122	0.215578
123	0.215202
124	0.215088
125	0.214963
126	0.214908
127	0.214821
128	0.215284
129	0.215464
130	0.216193
131	0.216793
132	0.218043
133	0.219508
134	0.219571
135	0.220562
136	0.221276
137	0.221417
138	0.22271
139	0.223055
140	0.223353
141	0.223313
142	0.223866
143	0.223482
144	0.223462
145	0.223917
146	0.22481
147	0.224912
148	0.225026
149	0.224873
150	0.224434
151	0.223259
152	0.223164
153	0.221981
154	0.220645
155	0.220382
156	0.21916
157	0.217337
158	0.216522
159	0.215707
160	0.214355
161	0.213744
162	0.212987
163	0.211589
164	0.210711
165	0.209547
166	0.209112
167	0.2087
168	0.20803
169	0.206
170	0.205236
171	0.204503
172	0.203528
173	0.203077
174	0.20214
175	0.201208
176	0.200679
177	0.199613
178	0.19926
179	0.198986
180	0.1987
181	0.198073
182	0.198182
183	0.19741
184	0.196991
185	0.196176
186	0.195851
187	0.195502
188	0.195482
189	0.195173
190	0.195075
191	0.194718
192	0.194279
193	0.194021
194	0.193347
195	0.194205
196	0.19473
197	0.194232
198	0.194334
199	0.194593
200	0.194671
201	0.194667
202	0.194997
203	0.195028
204	0.195279
205	0.194072
206	0.194511
207	0.194377
208	0.194675
209	0.195189
210	0.195565
211	0.195349
212	0.195181
213	0.195036
214	0.194781
215	0.194483
216	0.194389
217	0.194217
218	0.194428
219	0.194734
220	0.194871
221	0.19513
222	0.195263
223	0.195196
224	0.195569
225	0.195157
226	0.195232
227	0.195451
228	0.195624
229	0.195608
230	0.19558
231	0.195902
232	0.196333
233	0.196607
234	0.196787
235	0.196223
236	0.196008
237	0.194879
238	0.193072
239	0.192003
240	0.191188
241	0.192532
242	0.19252
243	0.193296
244	0.193178
245	0.193147
246	0.193703
247	0.193856
248	0.193449
249	0.192869
250	0.192418
251	0.192206
252	0.191967
253	0.192187
254	0.192152
255	0.192508
256	0.192481
257	0.192728
258	0.193053
259	0.193041
260	0.193069
261	0.19243
262	0.192771
263	0.192728
264	0.192877
265	0.192673
266	0.192873
267	0.192759
268	0.19299
269	0.19263
270	0.192183
271	0.192571
272	0.192363
273	0.192457
274	0.192606
275	0.192469
276	0.191583
277	0.190604
278	0.19
279	0.189448
280	0.189075
281	0.188966
282	0.189099
283	0.189698
284	0.189146
285	0.189158
286	0.189185
287	0.189295
288	0.189232
289	0.188695
290	0.188589
291	0.188382
292	0.188354
293	0.188382
294	0.188346
295	0.188668
296	0.188923
297	0.188907
298	0.189001
299	0.188883
300	0.188593
301	0.188562
302	0.18893
303	0.189087
304	0.189283
305	0.189295
306	0.18895
307	0.190803
308	0.191434
309	0.19299
310	0.193633
311	0.193308
312	0.193539
313	0.19433
314	0.195196
315	0.195451
316	0.195541
317	0.19558
318	0.194965
319	0.198202
320	0.195949
321	0.196082
322	0.1962
323	0.195624
324	0.19569
325	0.195796
326	0.195545
327	0.195663
328	0.196012
329	0.195898
330	0.195596
331	0.1956
332	0.195345
333	0.1954
334	0.195142
335	0.195071
336	0.194844
337	0.194918
338	0.19513
339	0.196282
340	0.196501
341	0.196795
342	0.197838
343	0.199503
344	0.1985
345	0.200514
346	0.201658
347	0.201854
348	0.201459
349	0.200886
350	0.200749
351	0.198496
352	0.19888
353	0.198288
354	0.198606
355	0.198535
356	0.198222
357	0.198661
358	0.198237
359	0.198116
360	0.198284
361	0.198233
362	0.198175
363	0.198402
364	0.198155
365	0.197822
366	0.197959
367	0.197712
368	0.197818
369	0.197638
370	0.19794
371	0.198182
372	0.197751
373	0.197446
374	0.197461
375	0.197269
376	0.197583
377	0.197626
378	0.197493
379	0.197218
380	0.196744
381	0.196525
382	0.196204
383	0.196356
384	0.196352
385	0.196454
386	0.196615
387	0.19765
388	0.198857
389	0.199064
390	0.199335
391	0.19973
392	0.200267
393	0.200949
394	0.204014
395	0.203861
396	0.204817
397	0.205691
398	0.206369
399	0.207149
400	0.208073
401	0.208838
402	0.2099
403	0.211122
404	0.211526
405	0.21249
406	0.213618
407	0.2143
408	0.216126
409	0.219594
410	0.221581
411	0.224567
412	0.227557
413	0.228866
414	0.23168
415	0.233976
416	0.235077
417	0.237115
418	0.238252
419	0.241751
420	0.243636
421	0.245446
422	0.246889
423	0.248915
424	0.252343
425	0.253433
426	0.256004
427	0.258841
428	0.259456
429	0.262407
430	0.264911
431	0.266094
432	0.268406
433	0.270667
434	0.271643
435	0.273101
436	0.274641
437	0.274567
438	0.275346
439	0.276354
440	0.276859
441	0.278329
442	0.280374
443	0.281354
444	0.278477
445	0.281495
446	0.283454
447	0.286969
448	0.289944
449	0.290539
450	0.293627
451	0.295736
452	0.296884
453	0.299333
454	0.30201
455	0.302625
456	0.303479
457	0.30538
458	0.306046
459	0.307014
460	0.308072
461	0.308985
462	0.311634
463	0.311853
464	0.3123
465	0.313746
466	0.313107
467	0.313323
468	0.315905
469	0.313096
470	0.314314
471	0.314687
472	0.315941
473	0.316199
474	0.319326
475	0.319417
476	0.319714
477	0.321352
478	0.321944
479	0.322363
480	0.324562
481	0.324977
482	0.324527
483	0.325326
484	0.326192
485	0.326098
486	0.326012
487	0.326576
488	0.326251
489	0.325448
490	0.326941
491	0.327082
492	0.327771
493	0.327681
494	0.324374
495	0.324621
496	0.32515
497	0.325506
498	0.325894
499	0.329335
500	0.331141
501	0.336412
502	0.342157
503	0.344826
504	0.349959
505	0.354434
506	0.355724
507	0.360575
508	0.365368
509	0.367449
510	0.370282
511	0.371179
512	0.371363
513	0.373045
514	0.37326
515	0.373879
516	0.374941
517	0.376007
518	0.376219
519	0.381137
520	0.382606
521	0.383786
522	0.384139
523	0.385467
524	0.386509
525	0.387701
526	0.387673
527	0.388022
528	0.388747
529	0.389178
530	0.388927
531	0.389542
532	0.39035
533	0.390746
534	0.392446
535	0.392748
536	0.392333
537	0.392215
538	0.392478
539	0.393163
540	0.393853
541	0.39457
542	0.39495
543	0.396059
544	0.395095
545	0.395605
546	0.396443
547	0.396972
548	0.396937
549	0.397435
550	0.397521
551	0.396906
552	0.396741
553	0.394813
554	0.393708
555	0.393398
556	0.392587
557	0.392654
558	0.391
559	0.389938
560	0.38937
561	0.389021
562	0.387803
563	0.386384
564	0.385091
565	0.384632
566	0.384762
567	0.384624
568	0.384178
569	0.379181
570	0.379942
571	0.383496
572	0.384969
573	0.389221
574	0.392489
575	0.394504
576	0.397392
577	0.400143
578	0.40209
579	0.405241
580	0.409344
581	0.411213
582	0.414062
583	0.416546
584	0.417628
585	0.419729
586	0.422299
587	0.423228
588	0.426386
589	0.428891
590	0.429776
591	0.431379
592	0.432805
593	0.433323
594	0.431559
595	0.432449
596	0.432888
597	0.435325
598	0.437598
599	0.43868
600	0.439126
601	0.441282
602	0.442022
603	0.444033
604	0.446294
605	0.44765
606	0.450581
607	0.45294
608	0.453841
609	0.457109
610	0.45937
611	0.460715
612	0.463877
613	0.467126
614	0.468297
615	0.470335
616	0.471707
617	0.472487
618	0.474454
619	0.479803
620	0.481362
621	0.483722
622	0.485932
623	0.488169
624	0.491042
625	0.493362
626	0.494247
627	0.495662
628	0.497829
629	0.49953
630	0.501505
631	0.502641
632	0.502959
633	0.504228
634	0.505345
635	0.505815
636	0.507011
637	0.507767
638	0.507826
639	0.507908
640	0.507888
641	0.507352
642	0.50774
643	0.508143
644	0.505937
645	0.507065
646	0.507183
647	0.507724
648	0.510812
649	0.51348
650	0.514437
651	0.51696
652	0.519065
653	0.520232
654	0.52169
655	0.523544
656	0.524492
657	0.526291
658	0.527619
659	0.529618
660	0.531326
661	0.533615
662	0.535034
663	0.537397
664	0.539501
665	0.539877
666	0.541676
667	0.543482
668	0.544576
669	0.541441
670	0.542542
671	0.543655
672	0.544862
673	0.545062
674	0.546233
675	0.547178
676	0.548001
677	0.549741
678	0.550301
679	0.551257
680	0.551194
681	0.552029
682	0.553734
683	0.553706
684	0.553765
685	0.555011
686	0.555094
687	0.555556
688	0.556195
689	0.556634
690	0.556638
691	0.557457
692	0.557492
693	0.558264
694	0.555395
695	0.556328
696	0.556857
697	0.557895
698	0.558652
699	0.558456
700	0.559036
701	0.558244
702	0.559114
703	0.558981
704	0.559471
705	0.560016
706	0.560909
707	0.56078
708	0.561411
709	0.561418
710	0.56156
711	0.5623
712	0.563096
713	0.562813
714	0.563127
715	0.563123
716	0.562955
717	0.563378
718	0.563358
719	0.556449
720	0.556935
721	0.557327
722	0.557731
723	0.557833
724	0.557758
725	0.557578
726	0.557555
727	0.557421
728	0.557296
729	0.557163
730	0.556418
731	0.556136
732	0.555556
733	0.554768
734	0.554314
735	0.554063
736	0.552989
737	0.55306
738	0.552303
739	0.551739
740	0.551841
741	0.551845
742	0.551982
743	0.551872
744	0.546849
745	0.546351
746	0.547142
747	0.547566
748	0.547801
749	0.547946
750	0.547805
751	0.547926
752	0.547781
753	0.548016
754	0.547479
755	0.547029
756	0.547021
757	0.547217
758	0.547311
759	0.546923
760	0.546613
761	0.546676
762	0.546272
763	0.545693
764	0.545916
765	0.545387
766	0.545532
767	0.544732
768	0.544591
769	0.539677
770	0.540057
771	0.540555
772	0.540747
773	0.541131
774	0.54128
775	0.541648
776	0.541707
777	0.542017
778	0.542471
779	0.54313
780	0.541923
781	0.542538
782	0.54271
783	0.543216
784	0.543267
785	0.54275
786	0.542581
787	0.542558
788	0.543819
789	0.546002
790	0.546974
791	0.54815
792	0.551245
793	0.553655
794	0.553401
795	0.555756
796	0.559044
797	0.560635
798	0.562559
799	0.564694
800	0.565913
801	0.567853
802	0.569162
803	0.57004
804	0.570659
805	0.570506
806	0.570992
807	0.57187
808	0.573045
809	0.573813
810	0.575111
811	0.57658
812	0.577195
813	0.580095
814	0.582027
815	0.583179
816	0.58448
817	0.586769
818	0.587133
819	0.594003
820	0.593901
821	0.594884
822	0.5957
823	0.59595
824	0.596797
825	0.597244
826	0.598098
827	0.598925
828	0.599599
829	0.600296
830	0.599951
831	0.599411
832	0.599442
833	0.598501
834	0.598262
835	0.598086
836	0.597984
837	0.597671
838	0.597988
839	0.597851
840	0.597604
841	0.597729
842	0.59751
843	0.597886
844	0.595958
845	0.596699
846	0.597028
847	0.597502
848	0.597569
849	0.59798
850	0.597424
851	0.597506
852	0.597628
853	0.59778
854	0.597773
855	0.599301
856	0.598893
857	0.598541
858	0.598513
859	0.598654
860	0.598498
861	0.598733
862	0.59885
863	0.599183
864	0.599614
865	0.599955
866	0.599822
867	0.59925
868	0.598987
869	0.598987
870	0.599128
871	0.599614
872	0.599904
873	0.600332
874	0.600802
875	0.60059
876	0.600853
877	0.601554
878	0.601676
879	0.598208
880	0.5978
881	0.598607
882	0.598956
883	0.599509
884	0.599395
885	0.598878
886	0.599011
887	0.598505
888	0.598686
889	0.598259
890	0.599642
891	0.599822
892	0.600461
893	0.600739
894	0.60097
895	0.602209
896	0.60253
897	0.602628
898	0.603055
899	0.603278
900	0.603173
901	0.602452
902	0.601386
903	0.601331
904	0.597177
905	0.597545
906	0.597961
907	0.598356
908	0.598921
909	0.599563
910	0.59914
911	0.598909
912	0.598435
913	0.596863
914	0.596432
915	0.595096
916	0.593027
917	0.592361
918	0.590382
919	0.589986
920	0.589586
921	0.589375
922	0.589289
923	0.58932
924	0.589394
925	0.588842
926	0.589081
927	0.588262
928	0.587944
929	0.587067
930	0.587611
931	0.588469
932	0.588274
933	0.58843
934	0.589179
935	0.589645
936	0.590797
937	0.592071
938	0.593058
939	0.594485
940	0.595433
941	0.596519
942	0.597173
943	0.597428
944	0.597616
945	0.598039
946	0.598337
947	0.598004
948	0.5984
949	0.597565
950	0.597757
951	0.597628
952	0.597659
953	0.597224
954	0.593023
955	0.593517
956	0.593658
957	0.593728
958	0.596699
959	0.596491
960	0.596507
961	0.59653
962	0.597318
963	0.59704
964	0.596691
965	0.597424
966	0.597314
967	0.597796
968	0.597859
969	0.598451
970	0.59905
971	0.599442
972	0.599767
973	0.601394
974	0.601476
975	0.601394
976	0.602154
977	0.60289
978	0.603102
979	0.59838
980	0.598545
981	0.599383
982	0.59932
983	0.599787
984	0.599771
985	0.600394
986	0.599799
987	0.599775
988	0.599203
989	0.599289
990	0.600884
991	0.601276
992	0.600868
993	0.600947
994	0.601374
995	0.601879
996	0.6009
997	0.599509
998	0.598858
999	0.597439
1000	0.597255
1001	0.596703
1002	0.596052
1003	0.595625
1004	0.592149
1005	0.592463
1006	0.592424
1007	0.592815
1008	0.593113
1009	0.593701
1010	0.597251
1011	0.598
1012	0.59782
1013	0.597867
1014	0.596201
1015	0.596589
1016	0.595155
1017	0.595523
1018	0.595433
1019	0.595343
1020	0.595782
1021	0.595672
1022	0.595461
1023	0.595778
1024	0.594755
1025	0.594943
1026	0.594438
1027	0.594689
1028	0.594986
1029	0.594085
1030	0.594359
1031	0.594065
1032	0.59441
1033	0.594375
1034	0.593807
1035	0.591753
1036	0.592043
1037	0.592584
1038	0.593164
1039	0.593552
1040	0.593638
1041	0.594939
1042	0.594575
1043	0.594822
1044	0.595378
1045	0.595896
1046	0.596178
1047	0.59662
1048	0.596174
1049	0.595174
1050	0.595649
1051	0.595864
1052	0.595229
1053	0.594932
1054	0.594724
1055	0.594736
1056	0.594312
1057	0.594775
1058	0.594316
1059	0.594097
1060	0.589676
1061	0.590303
1062	0.589818
1063	0.589626
1064	0.589798
1065	0.589884
1066	0.589802
1067	0.589347
1068	0.589363
1069	0.588924
1070	0.589406
1071	0.589579
1072	0.589108
1073	0.589865
1074	0.590707
1075	0.590323
1076	0.590942
1077	0.590484
1078	0.59084
1079	0.590366
1080	0.591048
1081	0.591264
1082	0.591746
1083	0.591902
1084	0.591753
1085	0.589281
1086	0.589629
1087	0.590127
1088	0.590358
1089	0.590789
1090	0.591154
1091	0.591479
1092	0.593031
1093	0.593113
1094	0.593862
1095	0.593583
1096	0.593403
1097	0.594841
1098	0.594497
1099	0.594132
1100	0.593795
1101	0.594485
1102	0.59472
1103	0.594814
1104	0.594238
1105	0.59421
1106	0.593979
1107	0.594015
1108	0.594446
1109	0.593987
1110	0.594943
1111	0.594355
1112	0.595374
1113	0.594845
1114	0.594845
1115	0.594861
1116	0.594732
1117	0.594128
1118	0.59396
1119	0.594355
1120	0.594328
1121	0.595253
1122	0.594387
1123	0.594728
1124	0.594551
1125	0.594869
1126	0.594783
1127	0.595978
1128	0.596679
1129	0.597459
1130	0.597494
1131	0.597169
1132	0.596762
1133	0.59691
1134	0.59557
1135	0.592635
1136	0.592678
1137	0.592788
1138	0.593435
1139	0.592388
1140	0.591742
1141	0.591479
1142	0.592102
1143	0.592259
1144	0.592188
1145	0.592443
1146	0.593266
1147	0.593325
1148	0.593435
1149	0.594453
1150	0.594011
1151	0.593873
1152	0.59334
1153	0.593548
1154	0.59231
1155	0.592772
1156	0.593007
1157	0.593642
1158	0.595026
1159	0.595641
1160	0.597197
1161	0.596499
1162	0.596436
1163	0.59829
1164	0.598251
1165	0.597008
1166	0.597483
1167	0.597447
1168	0.596346
1169	0.595347
1170	0.594618
1171	0.594912
1172	0.594305
1173	0.594434
1174	0.594238
1175	0.593909
1176	0.592878
1177	0.592639
1178	0.591718
1179	0.590566
1180	0.590499
1181	0.590237
1182	0.59113
1183	0.591542
1184	0.591914
1185	0.586506
1186	0.587897
1187	0.588093
1188	0.587513
1189	0.586898
1190	0.586498
1191	0.585856
1192	0.586091
1193	0.586028
1194	0.58604
1195	0.586056
1196	0.586032
1197	0.58535
1198	0.58586
1199	0.585722
1200	0.585699
1201	0.58544
1202	0.585389
1203	0.585734
1204	0.585421
1205	0.585432
1206	0.585452
1207	0.585914
1208	0.58595
1209	0.586541
1210	0.584817
1211	0.585346
1212	0.585193
1213	0.586216
1214	0.586173
1215	0.586009
1216	0.586538
1217	0.58642
1218	0.58662
1219	0.586929
1220	0.587333
1221	0.587306
1222	0.58749
1223	0.587784
1224	0.58736
1225	0.587505
1226	0.58758
1227	0.586726
1228	0.587294
1229	0.587784
1230	0.587827
1231	0.587768
1232	0.587317
1233	0.588603
1234	0.588857
1235	0.586353
1236	0.586526
1237	0.587031
1238	0.588121
1239	0.588227
1240	0.589077
1241	0.58901
1242	0.588532
1243	0.588583
1244	0.589171
1245	0.588716
1246	0.590558
1247	0.589939
1248	0.590029
1249	0.59037
1250	0.589837
1251	0.588379
1252	0.58874
1253	0.58825
1254	0.589316
1255	0.589289
1256	0.589128
1257	0.588669
1258	0.588618
1259	0.588434
1260	0.585244
1261	0.585099
1262	0.585221
1263	0.585076
1264	0.584876
1265	0.585483
1266	0.585193
1267	0.585221
1268	0.586244
1269	0.586565
1270	0.586154
1271	0.586996
1272	0.586624
1273	0.587451
1274	0.587666
1275	0.588587
1276	0.588383
1277	0.588818
1278	0.589038
1279	0.589434
1280	0.589457
1281	0.588513
1282	0.588258
1283	0.588571
1284	0.588442
1285	0.588595
1286	0.588638
1287	0.59001
1288	0.590617
1289	0.5918
1290	0.592416
1291	0.593313
1292	0.593411
1293	0.594798
1294	0.595551
1295	0.59461
1296	0.594626
1297	0.594975
1298	0.595296
1299	0.594242
1300	0.594751
1301	0.593415
1302	0.593748
1303	0.593168
1304	0.592388
1305	0.593376
1306	0.592827
1307	0.59298
1308	0.592851
1309	0.593638
1310	0.587008
1311	0.587121
1312	0.586957
1313	0.587165
1314	0.586396
1315	0.585581
1316	0.58544
1317	0.586467
1318	0.585479
1319	0.585687
1320	0.585632
1321	0.585409
1322	0.585813
1323	0.584927
1324	0.584802
1325	0.584535
1326	0.584323
1327	0.584312
1328	0.583939
1329	0.584155
1330	0.584026
1331	0.584214
1332	0.584116
1333	0.584065
1334	0.583599
1335	0.585068
1336	0.58383
1337	0.583559
1338	0.58305
1339	0.582286
1340	0.584465
1341	0.584484
1342	0.584774
1343	0.585546
1344	0.586479
1345	0.586161
1346	0.587404
1347	0.587952
1348	0.588328
1349	0.588685
1350	0.589049
1351	0.589692
1352	0.589994
1353	0.590303
1354	0.592361
1355	0.593043
1356	0.593795
1357	0.593999
1358	0.59454
1359	0.594555
1360	0.593438
1361	0.5945
1362	0.59537
1363	0.594657
1364	0.59481
1365	0.594516
1366	0.594132
1367	0.593493
1368	0.594544
1369	0.594191
1370	0.59358
1371	0.591091
1372	0.59113
1373	0.590119
1374	0.589304
1375	0.588854
1376	0.588305
1377	0.587541
1378	0.587149
1379	0.586483
1380	0.585632
1381	0.586063
1382	0.585045
1383	0.585209
1384	0.584833
1385	0.579065
1386	0.579449
1387	0.580021
1388	0.580503
1389	0.58111
1390	0.580949
1391	0.580616
1392	0.580757
1393	0.580667
1394	0.580699
1395	0.580848
1396	0.579695
1397	0.579656
1398	0.579727
1399	0.579151
1400	0.57955
1401	0.579402
1402	0.579543
1403	0.578802
1404	0.579335
1405	0.578293
1406	0.577771
1407	0.577732
1408	0.577446
1409	0.577376
1410	0.573002
1411	0.57252
1412	0.57265
1413	0.573606
1414	0.57377
1415	0.574401
1416	0.575463
1417	0.576557
1418	0.576995
1419	0.577924
1420	0.578473
1421	0.57888
1422	0.57908
1423	0.579421
1424	0.579876
1425	0.580511
1426	0.580597
1427	0.582051
1428	0.58341
1429	0.583516
1430	0.584986
1431	0.586412
1432	0.58738
1433	0.5876
1434	0.588066
1435	0.580883
1436	0.584602
1437	0.585432
1438	0.585883
1439	0.58633
1440	0.587564
1441	0.588113
1442	0.589966
1443	0.589312
1444	0.591158
1445	0.591064
1446	0.593572
1447	0.593583
1448	0.593372
1449	0.593838
1450	0.593023
1451	0.592322
1452	0.591471
1453	0.593258
1454	0.592984
1455	0.593983
1456	0.593023
1457	0.592674
1458	0.592024
1459	0.592655
1460	0.58914
1461	0.59055
1462	0.588834
1463	0.586773
1464	0.584813
1465	0.585589
1466	0.582881
1467	0.581518
1468	0.580126
1469	0.578273
1470	0.576086
1471	0.576651
1472	0.573261
1473	0.571744
1474	0.570373
1475	0.571078
1476	0.568895
1477	0.566458
1478	0.563648
1479	0.562531
1480	0.561011
1481	0.557374
1482	0.554996
1483	0.555231
1484	0.5538
1485	0.546128
1486	0.546849
1487	0.544446
1488	0.540747
1489	0.538259
1490	0.535492
1491	0.533403
1492	0.531812
1493	0.526514
1494	0.523826
1495	0.524833
1496	0.521404
1497	0.516741
1498	0.515307
1499	0.515436
1500	0.515275
1501	0.514221
1502	0.511623
1503	0.512003
1504	0.51254
1505	0.51082
1506	0.50803
1507	0.50732
1508	0.507054
1509	0.504601
1510	0.496916
1511	0.495043
1512	0.494243
1513	0.491963
1514	0.491633
1515	0.487723
1516	0.48612
1517	0.483714
1518	0.48262
1519	0.480877
1520	0.478372
1521	0.474469
1522	0.474599
1523	0.473157
1524	0.47365
1525	0.471942
1526	0.470292
1527	0.471091
1528	0.471581
1529	0.473239
1530	0.473074
1531	0.47298
1532	0.471981
1533	0.470237
1534	0.471385
1535	0.467208
1536	0.469837
1537	0.469982
1538	0.46912
1539	0.468909
1540	0.469418
1541	0.469434
1542	0.469924
1543	0.470061
1544	0.46912
1545	0.468027
1546	0.467835
1547	0.468207
1548	0.468435
1549	0.466224
1550	0.465684
1551	0.464614
1552	0.463183
1553	0.460758
1554	0.461636
1555	0.461585
1556	0.460848
1557	0.460193
1558	0.462329
1559	0.463042
1560	0.466362
1561	0.467553
1562	0.469594
1563	0.468779
1564	0.468043
1565	0.468772
1566	0.467839
1567	0.46836
1568	0.467431
1569	0.468145
1570	0.467898
1571	0.466448
1572	0.46615
1573	0.468039
1574	0.468572
1575	0.471675
1576	0.474242
1577	0.479799
1578	0.483561
1579	0.485489
1580	0.490634
1581	0.493217
1582	0.492982
1583	0.493804
1584	0.493119
1585	0.491081
1586	0.491461
1587	0.491622
1588	0.489921
1589	0.489964
1590	0.487679
1591	0.488828
1592	0.48619
1593	0.485759
1594	0.485771
1595	0.488694
1596	0.49036
1597	0.490121
1598	0.491453
1599	0.495172
1600	0.496928
1601	0.50085
1602	0.504847
1603	0.506634
1604	0.506999
1605	0.508986
1606	0.509816
1607	0.51156
1608	0.510518
1609	0.510024
1610	0.499867
1611	0.499804
1612	0.500827
1613	0.496951
1614	0.488933
1615	0.487746
1616	0.483263
1617	0.476915
1618	0.475598
1619	0.470457
1620	0.466738
1621	0.466271
1622	0.464465
1623	0.464046
1624	0.463705
1625	0.462764
1626	0.462752
1627	0.463387
1628	0.463991
1629	0.465092
1630	0.464324
1631	0.466902
1632	0.467118
1633	0.467588
1634	0.468964
1635	0.468258
1636	0.468148
1637	0.467463
1638	0.464069
1639	0.462627
1640	0.457309
1641	0.452105
1642	0.45015
1643	0.451031
1644	0.449389
1645	0.449703
1646	0.448774
1647	0.447266
1648	0.448519
1649	0.446936
1650	0.449052
1651	0.447603
1652	0.445392
1653	0.443417
1654	0.443915
1655	0.444409
1656	0.443519
1657	0.443821
1658	0.445185
1659	0.443308
1660	0.43777
1661	0.437708
1662	0.437892
1663	0.437441
1664	0.437586
1665	0.438378
1666	0.438601
1667	0.439228
1668	0.436426
1669	0.43451
1670	0.431273
1671	0.429059
1672	0.428303
1673	0.425289
1674	0.420696
1675	0.42025
1676	0.4188
1677	0.417393
1678	0.418388
1679	0.416284
1680	0.415504
1681	0.416319
1682	0.415543
1683	0.415712
1684	0.416641
1685	0.407479
1686	0.410555
1687	0.411672
1688	0.414822
1689	0.416625
1690	0.419717
1691	0.420626
1692	0.425524
1693	0.42717
1694	0.43382
1695	0.440847
1696	0.443135
1697	0.448884
1698	0.453449
1699	0.455938
1700	0.458465
1701	0.462494
1702	0.462917
1703	0.46593
1704	0.466836
1705	0.466597
1706	0.466961
1707	0.465147
1708	0.464845
1709	0.457921
1710	0.446662
1711	0.44828
1712	0.451235
1713	0.453242
1714	0.45102
1715	0.451169
1716	0.451388
1717	0.450937
1718	0.446192
1719	0.443194
1720	0.443903
1721	0.439287
1722	0.438472
1723	0.436563
1724	0.433954
1725	0.431261
1726	0.430509
1727	0.430242
1728	0.425093
1729	0.422961
1730	0.41695
1731	0.411291
1732	0.414086
1733	0.413435
1734	0.414677
1735	0.419921
1736	0.424725
1737	0.421966
1738	0.423212
1739	0.423142
1740	0.421472
1741	0.420379
1742	0.417957
1743	0.410371
1744	0.409787
1745	0.403176
1746	0.399429
1747	0.396012
1748	0.389386
1749	0.385557
1750	0.386055
1751	0.38685
1752	0.387156
1753	0.385518
1754	0.386333
1755	0.384777
1756	0.383849
1757	0.381199
1758	0.380408
1759	0.381713
1760	0.372664
1761	0.371324
1762	0.370235
1763	0.366054
1764	0.362056
1765	0.359972
1766	0.363271
1767	0.364858
1768	0.366767
1769	0.368804
1770	0.370341
1771	0.369988
1772	0.369741
1773	0.366387
1774	0.364255
1775	0.361617
1776	0.354932
1777	0.353372
1778	0.349462
1779	0.346064
1780	0.344081
1781	0.340488
1782	0.335754
1783	0.335668
1784	0.331122
1785	0.324511
1786	0.321693
1787	0.317641
1788	0.312927
1789	0.31123
1790	0.306881
1791	0.299306
1792	0.296519
1793	0.289015
1794	0.280343
1795	0.276522
1796	0.267822
1797	0.262951
1798	0.260592
1799	0.258445
1800	0.259479
1801	0.258124
1802	0.255663
1803	0.254847
1804	0.254201
1805	0.255518
1806	0.254009
1807	0.254632
1808	0.254671
1809	0.251438
1810	0.242221
1811	0.237864
1812	0.236277
1813	0.235301
1814	0.232848
1815	0.230081
1816	0.22878
1817	0.225418
1818	0.225386
1819	0.226241
1820	0.225484
1821	0.228533
1822	0.22965
1823	0.230947
1824	0.2332
1825	0.23485
1826	0.23679
1827	0.239792
1828	0.242935
1829	0.246532
1830	0.244631
1831	0.242786
1832	0.241884
1833	0.240909
1834	0.240368
1835	0.236465
1836	0.236712
1837	0.234929
1838	0.231633
1839	0.229184
1840	0.228
1841	0.225124
1842	0.221084
1843	0.219136
1844	0.213356
1845	0.207325
1846	0.20455
1847	0.197724
1848	0.188562
1849	0.183538
1850	0.173342
1851	0.16396
1852	0.160159
1853	0.151557
1854	0.146921
1855	0.147055
1856	0.148544
1857	0.151495
1858	0.152588
1859	0.152984
1860	0.149715
1861	0.150476
1862	0.14894
1863	0.145519
1864	0.143747
1865	0.143277
1866	0.148838
1867	0.153979
1868	0.163074
1869	0.173322
1870	0.177205
1871	0.183225
1872	0.185239
1873	0.185705
1874	0.185494
1875	0.186634
1876	0.186865
1877	0.188084
1878	0.191301
1879	0.193833
1880	0.198402
1881	0.200158
1882	0.203406
1883	0.207568
1884	0.212533
1885	0.216652
1886	0.22182
1887	0.229963
1888	0.236057
1889	0.24362
1890	0.251066
1891	0.255486
1892	0.262187
1893	0.270268
1894	0.272223
1895	0.277031
1896	0.281989
1897	0.290238
1898	0.303648
1899	0.318754
1900	0.326611
1901	0.344367
1902	0.3588
1903	0.365858
1904	0.377669
1905	0.38504
1906	0.389186
1907	0.392525
1908	0.39437
1909	0.390048
1910	0.387344
1911	0.381525
1912	0.378464
1913	0.369976
1914	0.359196
1915	0.356958
1916	0.348568
1917	0.341996
1918	0.339147
1919	0.332152
1920	0.325867
1921	0.323994
1922	0.319644
1923	0.31433
1924	0.312006
1925	0.304302
1926	0.294995
1927	0.290755
1928	0.281424
1929	0.271729
1930	0.267043
1931	0.257685
1932	0.248483
1933	0.246802
1934	0.238914
1935	0.232683
1936	0.228968
1937	0.222867
1938	0.217764
1939	0.214124
1940	0.209002
1941	0.204578
1942	0.201901
1943	0.193378
1944	0.188629
1945	0.186375
1946	0.176238
1947	0.169952
1948	0.167142
1949	0.160821
1950	0.155942
1951	0.15057
1952	0.139421
1953	0.128938
1954	0.124134
1955	0.112903
1956	0.103619
1957	0.0991285
1958	0.0891122
1959	0.0791311
1960	0.074413
1961	0.0648473
1962	0.0573233
1963	0.0539258
1964	0.0463626
1965	0.0385996
1966	0.0351276
1967	0.028744
1968	0.0222232
1969	0.0196603
1970	0.0149931
1971	0.0106433
1972	0.0090758
1973	0.00612499
1974	0.00482397
1975	0.00490234
1976	0.00557637
1977	0.00555677
1978	0.00555677
1979	0.00546664
1980	0.00492194
1981	0.00495329
1982	0.00500031
1983	0.00497288
1984	0.00516882
1985	0.00762587
1986	0.00731237
1987	0.00729278
1988	0.00709684
1989	0.00691266
1990	0.00692442
1991	0.00685388
1992	0.00669713
1993	0.00667753
1994	0.00663051
1995	0.00576055
1996	0.00591338
1997	0.00563123
1998	0.00615634
1999	0.00614067
2000	0.00701063
2001	0.0131513
2002	0.0170622
2003	0.0260008
2004	0.0374553
2005	0.0434667
2006	0.056763
2007	0.0703845
2008	0.0774304
2009	0.0932895
2010	0.114788
2011	0.121881
2012	0.138708
2013	0.155025
2014	0.164658
2015	0.18112
2016	0.199092
2017	0.207678
2018	0.225543
2019	0.241516
2020	0.247175
2021	0.26216
2022	0.278956
2023	0.287824
2024	0.302245
2025	0.31239
2026	0.316666
2027	0.323547
2028	0.33287
2029	0.337917
2030	0.338289
2031	0.333132
2032	0.329644
2033	0.326137
2034	0.319899
2035	0.320553
2036	0.311313
2037	0.30342
2038	0.296186
2039	0.28597
2040	0.274543
2041	0.26774
2042	0.256117
2043	0.244565
2044	0.237268
2045	0.22927
2046	0.219524
2047	0.216307
2048	0.205111
2049	0.197269
2050	0.191752
2051	0.181575
2052	0.171974
2053	0.166903
2054	0.158787
2055	0.149563
2056	0.146659
2057	0.141855
2058	0.137129
2059	0.13582
2060	0.130467
2061	0.120717
2062	0.114651
2063	0.104654
2064	0.0956996
2065	0.0915731
2066	0.0838415
2067	0.0749969
2068	0.0708352
2069	0.0620298
2070	0.0544783
2071	0.0506419
2072	0.043063
2073	0.0356762
2074	0.0328704
2075	0.0261302
2076	0.0219489
2077	0.0200365
2078	0.0167291
2079	0.0154438
2080	0.0154947
2081	0.0154202
2082	0.0150911
2083	0.0151655
2084	0.0143073
2085	0.0150989
2086	0.0143426
2087	0.0147031
2088	0.0147658
2089	0.0145072
2090	0.014178
2091	0.0138919
2092	0.0138959
2093	0.0136411
2094	0.0140722
2095	0.0145464
2096	0.0147658
2097	0.0141584
2098	0.0142799
2099	0.0135471
2100	0.0142681
2101	0.0156946
2102	0.0181163
2103	0.0214355
2104	0.0232381
2105	0.0266161
2106	0.0292377
2107	0.0307543
2108	0.0341714
2109	0.0375259
2110	0.0423577
2111	0.0458022
2112	0.0494859
2113	0.0509554
2114	0.0545606
2115	0.0589144
2116	0.060764
2117	0.0652274
2118	0.0700671
2119	0.0729239
2120	0.0774147
2121	0.084155
2122	0.0881834
2123	0.0959896
2124	0.103698
2125	0.108063
2126	0.117315
2127	0.125251
2128	0.128249
2129	0.134891
2130	0.140867
2131	0.143183
2132	0.148787
2133	0.155872
2134	0.159171
2135	0.163047
2136	0.168714
2137	0.171061
2138	0.174807
2139	0.179263
2140	0.180936
2141	0.184224
2142	0.18654
2143	0.187292
2144	0.189275
2145	0.19
2146	0.190255
2147	0.190956
2148	0.193076
2149	0.194252
2150	0.196035
2151	0.196905
2152	0.197842
2153	0.204194
2154	0.214194
2155	0.219951
2156	0.228745
2157	0.236653
2158	0.23773
2159	0.236559
2160	0.233001
2161	0.232123
2162	0.228451
2163	0.225735
2164	0.223302
2165	0.219951
2166	0.215605
2167	0.213587
2168	0.211353
2169	0.206576
2170	0.202936
2171	0.196051
2172	0.187774
2173	0.184279
2174	0.174627
2175	0.166746
2176	0.16193
2177	0.154641
2178	0.14649
2179	0.14234
2180	0.135447
2181	0.127579
2182	0.123491
2183	0.114415
2184	0.10648
2185	0.103976
2186	0.0967224
2187	0.0883402
2188	0.0839081
2189	0.0755651
2190	0.0669125
2191	0.0630565
2192	0.0547331
2193	0.0482436
2194	0.0453869
2195	0.0386858
2196	0.0339441
2197	0.0318006
2198	0.0268238
2199	0.024159
2200	0.0229521
2201	0.0202089
2202	0.0170348
2203	0.0157298
2204	0.0133786
2205	0.0112625
2206	0.0101064
2207	0.00769249
2208	0.00578798
2209	0.0049141
2210	0.00680293
2211	0.00631309
2212	0.00604662
2213	0.00595257
2214	0.00597608
2215	0.00564691
2216	0.00545097
2217	0.00545881
2218	0.00507477
2219	0.00511396
2220	0.00511396
2221	0.0051649
2222	0.00496504
2223	0.00489451
2224	0.00462411
2225	0.00467114
2226	0.00469073
2227	0.00459276
2228	0.00468681
2229	0.00485924
2230	0.00499248
2231	0.00484748
2232	0.00502383
2233	0.00506301
2234	0.00518841
2235	0.00660308
2236	0.00581149
2237	0.00588203
2238	0.00603486
2239	0.00611324
2240	0.00584284
2241	0.00562731
2242	0.00567826
2243	0.00500423
2244	0.00524328
2245	0.00575663
2246	0.00610148
2247	0.00610148
2248	0.00597216
2249	0.00588987
2250	0.00634836
2251	0.00667362
2252	0.00717521
2253	0.00740642
2254	0.0074025
2255	0.00718697
2256	0.00681077
2257	0.00729278
2258	0.0078414
2259	0.00824895
2260	0.00962835
2261	0.00882892
2262	0.00868001
2263	0.00927958
2264	0.00944417
2265	0.0106551
2266	0.0120345
2267	0.0163176
2268	0.0221918
2269	0.0248017
2270	0.0308052
2271	0.0362954
2272	0.0400613
2273	0.0467663
2274	0.0505087
2275	0.0522368
2276	0.0549799
2277	0.0577897
2278	0.0595845
2279	0.0617868
2280	0.0647572
2281	0.0661288
2282	0.0688013
2283	0.0706902
2284	0.0717012
2285	0.0758159
2286	0.0753378
2287	0.0758982
2288	0.0761764
2289	0.0758551
2290	0.0760275
2291	0.0757767
2292	0.0762548
2293	0.0758551
2294	0.0753496
2295	0.0745384
2296	0.0749969
2297	0.0750008
2298	0.077497
2299	0.0800246
2300	0.08131
2301	0.0813335
2302	0.0809063
2303	0.0812159
2304	0.0806594
2305	0.0798914
2306	0.0781946
2307	0.0771169
2308	0.0773285
2309	0.071952
2310	0.0675513
2311	0.0684134
2312	0.0678608
2313	0.0642125
2314	0.0638637
2315	0.0609834
2316	0.0590398
2317	0.0582286
2318	0.0563084
2319	0.0545724
2320	0.0537495
2321	0.0513002
2322	0.0481025
2323	0.0467467
2324	0.0432355
2325	0.0389405
2326	0.0373338
2327	0.0345711
2328	0.034093
2329	0.0337482
2330	0.0334504
2331	0.0310639
2332	0.0298804
2333	0.0282659
2334	0.0274939
2335	0.0282972
2336	0.0272
2337	0.0259852
2338	0.0250917
2339	0.0237554
2340	0.022039
2341	0.0215217
2342	0.0200248
2343	0.0190568
2344	0.0185905
2345	0.0176578
2346	0.0160159
2347	0.015044
2348	0.0132375
2349	0.0144366
2350	0.0157925
2351	0.0154202
2352	0.0143857
2353	0.0136019
2354	0.0125831
2355	0.0118307
2356	0.011768
2357	0.0121089
2358	0.0125478
2359	0.0129358
2360	0.0157259
2361	0.0156632
2362	0.015675
2363	0.0156554
2364	0.0160081
2365	0.0160394
2366	0.0163137
2367	0.0158552
2368	0.0160747
2369	0.0158317
2370	0.0159689
2371	0.0163607
2372	0.015914
2373	0.0158552
2374	0.0155221
2375	0.0154438
2376	0.0161335
2377	0.0159258
2378	0.0158396
2379	0.0154516
2380	0.0152596
2381	0.0144406
2382	0.0133747
2383	0.0173718
2384	0.0283482
2385	0.043451
2386	0.0493918
2387	0.0590633
2388	0.0654822
2389	0.0652431
2390	0.0660504
2391	0.0674102
2392	0.0679314
2393	0.0676453
2394	0.0673592
2395	0.0672495
2396	0.0667048
2397	0.0664697
2398	0.0662032
2399	0.0663247
2400	0.0660465
2401	0.0665481
2402	0.0660112
2403	0.0664579
2404	0.0661444
2405	0.0652705
2406	0.0661052
2407	0.066838
2408	0.0668733
2409	0.0672338
2410	0.0675826
2411	0.0658153
2412	0.0629115
2413	0.0611794
2414	0.0558342
2415	0.0516177
2416	0.0498229
2417	0.0454339
2418	0.0402572
2419	0.0374044
2420	0.0306054
2421	0.0258715
2422	0.022956
2423	0.0168153
2424	0.0126575
2425	0.0108706
2426	0.00701455
2427	0.00320553
2428	0.00251975
2429	0.00244529
2430	0.00244529
2431	0.00244529
2432	0.00858988
2433	0.020448
2434	0.026475
2435	0.0423302
2436	0.0481065
2437	0.049239
2438	0.0512689
2439	0.0531107
2440	0.0535222
2441	0.0553326
2442	0.0564887
2443	0.0567238
2444	0.0575624
2445	0.0581188
2446	0.0589888
2447	0.0595022
2448	0.0598196
2449	0.0595727
2450	0.0595414
2451	0.0604662
2452	0.0606229
2453	0.0603682
2454	0.0606582
2455	0.0609599
2456	0.0612186
2457	0.0617006
2458	0.0617123
2459	0.0602075
2460	0.0619044
2461	0.0602546
2462	0.0554384
2463	0.0501325
2464	0.0478439
2465	0.0425967
2466	0.0369263
2467	0.0343243
2468	0.030625
2469	0.0264397
2470	0.0243785
2471	0.0203226
2472	0.0165175
2473	0.0142838
2474	0.0109333
2475	0.00918945
2476	0.0106159
2477	0.0126419
2478	0.0129671
2479	0.0133041
2480	0.0142329
2481	0.0148755
2482	0.0154046
2483	0.0161413
2484	0.0166311
2485	0.0192567
2486	0.0197857
2487	0.0200757
2488	0.0200248
2489	0.0202207
2490	0.0201384
2491	0.0203383
2492	0.0205342
2493	0.0211886
2494	0.0210476
2495	0.0212004
2496	0.0208399
2497	0.0211259
2498	0.0210397
2499	0.0216471
2500	0.0210672
2501	0.0212748
2502	0.0214394
2503	0.0216706
2504	0.0220037
2505	0.0215178
2506	0.0211769
2507	0.021702
2508	0.0280543
2509	0.0318672
2510	0.0386309
2511	0.04572
2512	0.0498934
2513	0.0570569
2514	0.0596472
2515	0.0588556
2516	0.0585969
2517	0.0586792
2518	0.0590633
2519	0.0597059
2520	0.0611441
2521	0.0618377
2522	0.0631583
2523	0.063852
2524	0.0640871
2525	0.0646083
2526	0.0660817
2527	0.0670301
2528	0.0686211
2529	0.0687739
2530	0.0689542
2531	0.0691932
2532	0.0693617
2533	0.0694479
2534	0.0698712
2535	0.069832
2536	0.0693264
2537	0.0696321
2538	0.0698516
2539	0.0698241
2540	0.069495
2541	0.0702121
2542	0.0712819
2543	0.0724693
2544	0.072481
2545	0.0729709
2546	0.0727514
2547	0.0713524
2548	0.0695812
2549	0.0654665
2550	0.06192
2551	0.0606856
2552	0.0571783
2553	0.0528403
2554	0.049819
2555	0.0447246
2556	0.0396028
2557	0.0373299
2558	0.0311814
2559	0.0263026
2560	0.0271451
2561	0.0216589
2562	0.0172542
2563	0.0152126
2564	0.0103259
2565	0.007089
2566	0.00657565
2567	0.00583501
2568	0.00549016
2569	0.00525111
2570	0.00494545
2571	0.00494937
2572	0.00490626
2573	0.00491018
2574	0.00483573
2575	0.00467506
2576	0.0046202
2577	0.00450263
2578	0.00449088
2579	0.00447912
2580	0.00438115
2581	0.00445953
2582	0.0045379
2583	0.00444777
2584	0.00438899
2585	0.00605445
2586	0.00531381
2587	0.00525503
2588	0.00490234
2589	0.00476519
2590	0.0046633
2591	0.00450263
2592	0.00446736
2593	0.00435764
2594	0.00427927
2595	0.00426751
2596	0.00407549
2597	0.00395401
2598	0.00393833
2599	0.00390698
2600	0.00392266
2601	0.00385996
2602	0.0038678
2603	0.00388347
2604	0.00386388
2605	0.00385212
2606	0.00382861
2607	0.00390698
2608	0.00383253
2609	0.00383253
2610	0.00581933
2611	0.00546664
2612	0.00540003
2613	0.00536084
2614	0.00536868
2615	0.00535692
2616	0.00541962
2617	0.00513355
2618	0.00490234
2619	0.00482005
2620	0.00478478
2621	0.0047887
2622	0.00482005
2623	0.00486708
2624	0.00821368
2625	0.0157142
2626	0.02006
2627	0.0298647
2628	0.0386741
2629	0.0418835
2630	0.0453046
2631	0.0471033
2632	0.0479301
2633	0.0497994
2634	0.0511278
2635	0.0539846
2636	0.0549251
2637	0.062594
2638	0.0666852
2639	0.0758472
2640	0.0853933
2641	0.0893003
2642	0.100218
2643	0.110148
2644	0.115042
2645	0.125748
2646	0.135906
2647	0.140843
2648	0.150017
2649	0.155778
2650	0.157279
2651	0.158991
2652	0.160849
2653	0.161389
2654	0.16175
2655	0.163098
2656	0.163114
2657	0.165363
2658	0.16588
2659	0.166872
2660	0.168286
2661	0.166629
2662	0.165261
2663	0.160884
2664	0.157169
2665	0.155629
2666	0.150754
2667	0.146326
2668	0.14602
2669	0.143928
2670	0.141588
2671	0.140934
2672	0.142011
2673	0.141913
2674	0.140765
2675	0.138304
2676	0.138524
2677	0.137552
2678	0.136055
2679	0.130862
2680	0.128625
2681	0.125349
2682	0.124275
2683	0.12422
2684	0.123119
2685	0.123346
2686	0.12317
2687	0.120968
2688	0.115822
2689	0.112668
2690	0.105833
2691	0.099199
2692	0.0969497
2693	0.0918866
2694	0.0848211
2695	0.0818938
2696	0.0747265
2697	0.0688954
2698	0.065972
2699	0.0603917
2700	0.0566611
2701	0.0540081
2702	0.048996
2703	0.0458885
2704	0.0448853
2705	0.0428789
2706	0.0404453
2707	0.0404532
2708	0.0412722
2709	0.0414877
2710	0.0405982
2711	0.0407196
2712	0.0398614
2713	0.0405355
2714	0.0408372
2715	0.0407902
2716	0.0404571
2717	0.0400848
2718	0.0390973
2719	0.0396733
2720	0.0400809
2721	0.0397791
2722	0.040171
2723	0.0399986
2724	0.0399124
2725	0.0403043
2726	0.0409548
2727	0.0435294
2728	0.0468329
2729	0.0527658
2730	0.0597882
2731	0.063319
2732	0.0693421
2733	0.0757649
2734	0.0790136
2735	0.0867178
2736	0.0897979
2737	0.0912753
2738	0.0927252
2739	0.0942692
2740	0.094857
2741	0.0951431
2742	0.0967067
2743	0.0974513
2744	0.0976511
2745	0.0985798
2746	0.0990814
2747	0.0997163
2748	0.100814
2749	0.101029
2750	0.101468
2751	0.101527
2752	0.102389
2753	0.102158
2754	0.103067
2755	0.103271
2756	0.104709
2757	0.105081
2758	0.105426
2759	0.106899
2760	0.108001
2761	0.108373
2762	0.109302
2763	0.109431
2764	0.11003
2765	0.110787
2766	0.11208
2767	0.112295
2768	0.1121
2769	0.112268
2770	0.113013
2771	0.114035
2772	0.114376
2773	0.114682
2774	0.1148
2775	0.114384
2776	0.114984
2777	0.115748
2778	0.115811
2779	0.116935
2780	0.118405
2781	0.119839
2782	0.120231
2783	0.120184
2784	0.119678
2785	0.120262
2786	0.120466
2787	0.120364
2788	0.121363
2789	0.120685
2790	0.120674
2791	0.121007
2792	0.121791
2793	0.121363
2794	0.121693
2795	0.121167
2796	0.119721
2797	0.120274
2798	0.120004
2799	0.120748
2800	0.121293
2801	0.122186
2802	0.121356
2803	0.121661
2804	0.121983
2805	0.12241
2806	0.122547
2807	0.123009
2808	0.123813
2809	0.124103
2810	0.121379
2811	0.120858
2812	0.121677
2813	0.122343
2814	0.122551
2815	0.12232
2816	0.121959
2817	0.121798
2818	0.122026
2819	0.123342
2820	0.123918
2821	0.124875
2822	0.125247
2823	0.125353
2824	0.125752
2825	0.125764
2826	0.125733
2827	0.125662
2828	0.125259
2829	0.125055
2830	0.125121
2831	0.125545
2832	0.125266
2833	0.126058
2834	0.125298
2835	0.125176
2836	0.125082
2837	0.12498
2838	0.124557
2839	0.124784
2840	0.124761
2841	0.126164
2842	0.126042
2843	0.125658
2844	0.125968
2845	0.125619
2846	0.12558
2847	0.125639
2848	0.125439
2849	0.125333
2850	0.125631
2851	0.12498
2852	0.125443
2853	0.125713
2854	0.125506
2855	0.126003
2856	0.126411
2857	0.126556
2858	0.126489
2859	0.126548
2860	0.124847
2861	0.124839
2862	0.12529
2863	0.125321
2864	0.125517
2865	0.125952
2866	0.12623
2867	0.126583
2868	0.126944
2869	0.127359
2870	0.127586
2871	0.128727
2872	0.12888
2873	0.129264
2874	0.128876
2875	0.129264
2876	0.128366
2877	0.127379
2878	0.127394
2879	0.128061
2880	0.129526
2881	0.131007
2882	0.131348
2883	0.131948
2884	0.132857
2885	0.132563
2886	0.132579
2887	0.132849
2888	0.133445
2889	0.134954
2890	0.135055
2891	0.135502
2892	0.134993
2893	0.135032
2894	0.133316
2895	0.133202
2896	0.133343
2897	0.133049
2898	0.133214
2899	0.132551
2900	0.13183
2901	0.131486
2902	0.131454
2903	0.130808
2904	0.130306
2905	0.130173
2906	0.130518
2907	0.131278
2908	0.131403
2909	0.131587
2910	0.130839
2911	0.131019
2912	0.130768
2913	0.130815
2914	0.130906
2915	0.130631
2916	0.129679
2917	0.129644
2918	0.129119
2919	0.12946
2920	0.129424
2921	0.129691
2922	0.130455
2923	0.130992
2924	0.13069
2925	0.130345
2926	0.13051
2927	0.130819
2928	0.13147
2929	0.132363
2930	0.134374
2931	0.135537
2932	0.136255
2933	0.136846
2934	0.136756
2935	0.135824
2936	0.13486
2937	0.135314
2938	0.135036
2939	0.135357
2940	0.1356
2941	0.136729
2942	0.13752
2943	0.137705
2944	0.137963
2945	0.139519
2946	0.142101
2947	0.143391
2948	0.145899
2949	0.148317
2950	0.149825
2951	0.152216
2952	0.152784
2953	0.153097
2954	0.153658
2955	0.156322
2956	0.157753
2957	0.160265
2958	0.162769
2959	0.163764
2960	0.160943
2961	0.164376
2962	0.165986
2963	0.168541
2964	0.170892
2965	0.171672
2966	0.174807
2967	0.177515
2968	0.178267
2969	0.180775
2970	0.183699
2971	0.18462
2972	0.187042
2973	0.189538
2974	0.190659
2975	0.192908
2976	0.1952
2977	0.196102
2978	0.198813
2979	0.19973
2980	0.200561
2981	0.203261
2982	0.207
2983	0.208132
2984	0.210589
2985	0.208634
2986	0.210679
2987	0.213846
2988	0.218634
2989	0.222142
2990	0.229732
2991	0.239063
2992	0.24373
2993	0.250251
2994	0.256979
2995	0.260455
2996	0.268395
2997	0.277686
2998	0.281397
2999	0.287369
3000	0.293016
3001	0.295418
3002	0.29898
3003	0.30219
3004	0.304133
3005	0.306775
3006	0.309177
3007	0.310223
3008	0.313613
3009	0.319111
3010	0.322215
3011	0.326509
3012	0.332431
3013	0.335048
3014	0.341048
3015	0.345057
3016	0.347992
3017	0.352295
3018	0.355692
3019	0.357123
3020	0.361214
3021	0.365693
3022	0.36688
3023	0.369189
3024	0.370913
3025	0.370764
3026	0.371015
3027	0.373131
3028	0.370768
3029	0.369506
3030	0.369024
3031	0.368048
3032	0.368138
3033	0.366759
3034	0.366861
3035	0.359023
3036	0.359925
3037	0.360908
3038	0.363197
3039	0.36293
3040	0.363244
3041	0.363624
3042	0.364423
3043	0.364008
3044	0.363338
3045	0.362593
3046	0.361422
3047	0.361794
3048	0.362045
3049	0.362037
3050	0.36295
3051	0.362233
3052	0.362864
3053	0.362719
3054	0.362774
3055	0.363836
3056	0.365454
3057	0.371775
3058	0.374506
3059	0.380353
3060	0.376818
3061	0.379358
3062	0.384875
3063	0.390667
3064	0.392415
3065	0.395021
3066	0.398673
3067	0.400825
3068	0.406879
3069	0.409665
3070	0.410167
3071	0.412502
3072	0.413921
3073	0.41434
3074	0.413874
3075	0.415637
3076	0.415387
3077	0.416358
3078	0.417009
3079	0.415814
3080	0.416535
3081	0.417785
3082	0.419807
3083	0.421676
3084	0.423491
3085	0.417036
3086	0.41775
3087	0.418878
3088	0.420058
3089	0.423812
3090	0.426935
3091	0.42862
3092	0.430254
3093	0.431924
3094	0.431583
3095	0.433178
3096	0.434408
3097	0.434451
3098	0.434357
3099	0.434663
3100	0.435094
3101	0.434016
3102	0.433738
3103	0.433272
3104	0.431645
3105	0.42793
3106	0.426865
3107	0.423914
3108	0.420888
3109	0.420673
3110	0.413459
3111	0.412839
3112	0.4126
3113	0.410492
3114	0.407949
3115	0.406781
3116	0.405793
3117	0.404822
3118	0.404567
3119	0.403227
3120	0.402094
3121	0.40171
3122	0.40008
3123	0.400292
3124	0.399512
3125	0.398563
3126	0.398893
3127	0.3997
3128	0.399884
3129	0.400895
3130	0.400868
3131	0.401197
3132	0.40285
3133	0.403709
3134	0.405335
3135	0.402553
3136	0.402674
3137	0.402784
3138	0.404457
3139	0.405343
3140	0.406025
3141	0.408576
3142	0.408936
3143	0.410014
3144	0.411625
3145	0.411965
3146	0.413592
3147	0.413592
3148	0.413717
3149	0.414744
3150	0.416119
3151	0.416531
3152	0.417087
3153	0.419196
3154	0.419391
3155	0.419756
3156	0.420559
3157	0.421045
3158	0.421833
3159	0.422636
3160	0.421966
3161	0.420798
3162	0.421296
3163	0.421805
3164	0.421762
3165	0.421849
3166	0.42224
3167	0.421852
3168	0.42226
3169	0.422205
3170	0.422146
3171	0.423208
3172	0.423804
3173	0.423733
3174	0.423287
3175	0.423361
3176	0.423165
3177	0.424607
3178	0.424835
3179	0.425473
3180	0.426112
3181	0.426183
3182	0.425438
3183	0.42672
3184	0.427488
3185	0.431732
3186	0.434326
3187	0.435572
3188	0.43605
3189	0.437998
3190	0.440016
3191	0.442293
3192	0.444342
3193	0.445992
3194	0.44877
3195	0.450118
3196	0.451368
3197	0.452101
3198	0.453653
3199	0.454162
3200	0.455746
3201	0.456741
3202	0.457501
3203	0.458595
3204	0.459229
3205	0.46024
3206	0.461557
3207	0.462239
3208	0.462615
3209	0.463822
3210	0.457552
3211	0.458305
3212	0.458328
3213	0.459421
3214	0.45986
3215	0.460781
3216	0.461122
3217	0.460954
3218	0.461295
3219	0.46133
3220	0.461126
3221	0.46122
3222	0.461494
3223	0.461467
3224	0.462204
3225	0.463344
3226	0.463446
3227	0.464386
3228	0.465002
3229	0.465605
3230	0.466467
3231	0.466185
3232	0.466362
3233	0.466761
3234	0.466926
3235	0.463771
3236	0.464214
3237	0.464947
3238	0.466181
3239	0.466538
3240	0.466816
3241	0.46729
3242	0.46671
3243	0.466734
3244	0.466561
3245	0.46633
3246	0.465848
3247	0.46597
3248	0.466267
3249	0.46653
3250	0.466068
3251	0.465644
3252	0.465762
3253	0.465754
3254	0.464653
3255	0.463544
3256	0.464316
3257	0.463869
3258	0.464304
3259	0.464453
3260	0.459802
3261	0.459852
3262	0.461048
3263	0.461557
3264	0.462733
3265	0.462411
3266	0.463168
3267	0.464038
3268	0.463936
3269	0.464661
3270	0.464602
3271	0.465111
3272	0.466119
3273	0.466945
3274	0.467188
3275	0.467024
3276	0.467439
3277	0.467067
3278	0.467028
3279	0.467067
3280	0.466989
3281	0.46709
3282	0.467729
3283	0.467608
3284	0.468043
3285	0.46285
3286	0.462502
3287	0.462713
3288	0.462517
3289	0.462368
3290	0.462294
3291	0.462384
3292	0.463023
3293	0.463509
3294	0.463908
3295	0.464249
3296	0.463783
3297	0.46452
3298	0.464465
3299	0.464136
3300	0.463426
3301	0.463148
3302	0.462686
3303	0.463117
3304	0.462537
3305	0.462854
3306	0.462886
3307	0.462384
3308	0.461992
3309	0.461659
3310	0.456102
3311	0.455166
3312	0.456102
3313	0.45736
3314	0.458485
3315	0.458171
3316	0.457874
3317	0.457717
3318	0.45631
3319	0.457047
3320	0.456302
3321	0.454699
3322	0.454864
3323	0.454492
3324	0.455381
3325	0.455898
3326	0.456831
3327	0.457603
3328	0.457262
3329	0.457913
3330	0.457376
3331	0.458109
3332	0.456447
3333	0.45756
3334	0.457862
3335	0.453202
3336	0.453136
3337	0.454464
3338	0.454739
3339	0.455244
3340	0.455753
3341	0.456776
3342	0.457384
3343	0.457587
3344	0.456051
3345	0.454311
3346	0.455213
3347	0.454954
3348	0.454637
3349	0.455048
3350	0.453841
3351	0.453516
3352	0.453246
3353	0.453128
3354	0.453567
3355	0.453806
3356	0.454057
3357	0.45497
3358	0.455424
3359	0.455812
3360	0.455628
3361	0.45535
3362	0.456541
3363	0.457035
3364	0.457744
3365	0.458109
3366	0.458943
3367	0.458743
3368	0.458606
3369	0.458618
3370	0.459198
3371	0.459653
3372	0.461342
3373	0.461044
3374	0.461048
3375	0.460965
3376	0.461722
3377	0.461769
3378	0.461381
3379	0.461291
3380	0.461828
3381	0.4624
3382	0.461965
3383	0.46278
3384	0.462666
3385	0.459484
3386	0.458791
3387	0.459214
3388	0.459515
3389	0.460056
3390	0.460092
3391	0.460052
3392	0.459014
3393	0.4589
3394	0.459116
3395	0.458928
3396	0.459175
3397	0.459449
3398	0.459613
3399	0.459825
3400	0.460119
3401	0.460652
3402	0.460969
3403	0.461636
3404	0.462415
3405	0.463066
3406	0.463176
3407	0.463948
3408	0.464598
3409	0.4649
3410	0.460797
3411	0.461299
3412	0.461694
3413	0.462364
3414	0.462196
3415	0.462698
3416	0.463258
3417	0.463916
3418	0.464249
3419	0.464606
3420	0.464567
3421	0.464594
3422	0.464865
3423	0.464618
3424	0.464767
3425	0.46423
3426	0.464296
3427	0.464543
3428	0.464465
3429	0.464649
3430	0.464324
3431	0.465013
3432	0.465064
3433	0.465182
3434	0.465738
3435	0.470233
3436	0.470688
3437	0.470982
3438	0.471346
3439	0.471542
3440	0.471812
3441	0.471628
3442	0.471742
3443	0.470993
3444	0.470978
3445	0.470966
3446	0.47124
3447	0.470766
3448	0.470915
3449	0.471283
3450	0.471338
3451	0.471448
3452	0.471589
3453	0.471664
3454	0.471456
3455	0.471291
3456	0.471095
3457	0.471189
3458	0.470927
3459	0.470758
3460	0.470351
3461	0.470449
3462	0.471319
3463	0.471707
3464	0.472436
3465	0.473078
3466	0.472804
3467	0.472573
3468	0.471291
3469	0.470214
3470	0.469187
3471	0.468713
3472	0.467706
3473	0.466734
3474	0.466561
3475	0.466013
3476	0.465832
3477	0.46517
3478	0.465025
3479	0.465409
3480	0.465723
3481	0.465699
3482	0.465864
3483	0.465198
3484	0.465108
3485	0.463469
3486	0.464144
3487	0.464465
3488	0.464649
3489	0.464073
3490	0.464771
3491	0.464963
3492	0.465006
3493	0.46499
3494	0.465539
3495	0.464955
3496	0.465688
3497	0.46546
3498	0.464888
3499	0.4651
3500	0.466166
3501	0.465966
3502	0.46566
3503	0.465605
3504	0.465531
3505	0.464806
3506	0.464316
3507	0.464383
3508	0.464226
3509	0.464038
3510	0.460722
3511	0.460895
3512	0.461267
3513	0.461859
3514	0.461733
3515	0.462168
3516	0.462012
3517	0.461694
3518	0.461659
3519	0.4618
3520	0.462063
3521	0.461749
3522	0.461933
3523	0.462067
3524	0.46202
3525	0.461996
3526	0.462219
3527	0.461996
3528	0.461847
3529	0.461828
3530	0.461886
3531	0.461886
3532	0.462031
3533	0.461984
3534	0.462133
3535	0.459947
3536	0.459884
3537	0.46035
3538	0.460436
3539	0.460954
3540	0.460366
3541	0.460844
3542	0.460836
3543	0.462051
3544	0.462294
3545	0.463599
3546	0.464735
3547	0.465198
3548	0.465166
3549	0.466381
3550	0.466585
3551	0.46693
3552	0.466949
3553	0.46729
3554	0.467463
3555	0.468846
3556	0.468717
3557	0.469661
3558	0.468909
3559	0.468611
3560	0.46742
3561	0.466652
3562	0.46751
3563	0.467122
3564	0.466702
3565	0.466942
3566	0.466154
3567	0.466103
3568	0.465746
3569	0.465343
3570	0.465292
3571	0.466299
3572	0.466718
3573	0.466953
3574	0.46709
3575	0.467114
3576	0.467549
3577	0.467365
3578	0.467874
3579	0.468011
3580	0.468803
3581	0.46912
3582	0.469332
3583	0.46941
3584	0.469798
3585	0.470539
3586	0.469994
3587	0.470163
3588	0.470241
3589	0.470821
3590	0.469986
3591	0.470014
3592	0.469363
3593	0.46887
3594	0.465499
3595	0.46497
3596	0.464825
3597	0.463646
3598	0.463344
3599	0.462188
3600	0.461886
3601	0.460954
3602	0.461275
3603	0.461608
3604	0.462149
3605	0.461906
3606	0.462235
3607	0.461969
3608	0.462556
3609	0.462705
3610	0.46323
3611	0.463971
3612	0.463955
3613	0.463795
3614	0.464347
3615	0.465064
3616	0.465347
3617	0.46613
3618	0.466749
3619	0.468094
3620	0.470253
3621	0.471542
3622	0.47184
3623	0.471009
3624	0.470676
3625	0.470069
3626	0.468666
3627	0.468685
3628	0.468223
3629	0.468493
3630	0.46981
3631	0.469316
3632	0.468485
3633	0.468266
3634	0.468791
3635	0.468329
3636	0.467858
3637	0.46787
3638	0.467161
3639	0.467079
3640	0.466977
3641	0.466177
3642	0.466342
3643	0.466381
3644	0.462427
3645	0.462639
3646	0.462823
3647	0.463344
3648	0.463254
3649	0.46294
3650	0.463395
3651	0.463838
3652	0.463959
3653	0.464128
3654	0.464249
3655	0.464723
3656	0.4647
3657	0.464594
3658	0.464304
3659	0.465041
3660	0.465437
3661	0.465437
3662	0.465437
3663	0.465558
3664	0.465225
3665	0.465088
3666	0.465053
3667	0.465025
3668	0.464688
3669	0.463125
3670	0.462251
3671	0.462592
3672	0.462212
3673	0.462215
3674	0.461012
3675	0.460393
3676	0.460887
3677	0.461933
3678	0.46298
3679	0.463501
3680	0.465546
3681	0.466064
3682	0.467224
3683	0.468634
3684	0.468446
3685	0.469109
3686	0.470484
3687	0.470457
3688	0.470492
3689	0.470304
3690	0.470194
3691	0.469732
3692	0.469387
3693	0.469167
3694	0.464978
3695	0.46461
3696	0.464622
3697	0.463493
3698	0.463391
3699	0.463281
3700	0.462423
3701	0.461961
3702	0.46265
3703	0.462392
3704	0.463387
3705	0.463532
3706	0.463328
3707	0.463783
3708	0.464481
3709	0.465985
3710	0.465997
3711	0.466565
3712	0.467079
3713	0.467572
3714	0.466699
3715	0.467455
3716	0.46787
3717	0.467635
3718	0.467717
3719	0.466765
3720	0.467529
3721	0.467231
3722	0.467929
3723	0.467635
3724	0.467702
3725	0.467126
3726	0.467537
3727	0.467753
3728	0.46729
3729	0.467659
3730	0.467255
3731	0.467608
3732	0.467114
3733	0.467094
3734	0.466691
3735	0.46711
3736	0.466597
3737	0.466671
3738	0.466577
3739	0.466275
3740	0.466475
3741	0.466009
3742	0.466467
3743	0.46615
3744	0.465554
3745	0.465241
3746	0.465229
3747	0.465225
3748	0.464868
3749	0.464876
3750	0.465503
3751	0.464982
3752	0.464916
3753	0.464281
3754	0.463281
3755	0.463466
3756	0.462807
3757	0.463129
3758	0.463309
3759	0.46381
3760	0.463779
3761	0.46296
3762	0.462635
3763	0.461902
3764	0.461589
3765	0.461314
3766	0.459006
3767	0.458873
3768	0.459057
3769	0.453061
3770	0.452356
3771	0.453837
3772	0.454382
3773	0.454264
3774	0.45419
3775	0.454378
3776	0.455601
3777	0.456122
3778	0.458289
3779	0.459653
3780	0.461906
3781	0.463732
3782	0.465742
3783	0.466695
3784	0.468583
3785	0.47077
3786	0.471217
3787	0.472792
3788	0.473799
3789	0.474438
3790	0.474987
3791	0.476166
3792	0.476648
3793	0.477569
3794	0.473388
3795	0.473874
3796	0.476029
3797	0.478196
3798	0.478059
3799	0.480191
3800	0.481225
3801	0.481747
3802	0.482644
3803	0.484646
3804	0.485622
3805	0.485775
3806	0.487037
3807	0.486896
3808	0.4865
3809	0.487135
3810	0.487824
3811	0.487582
3812	0.488906
3813	0.48956
3814	0.489917
3815	0.490086
3816	0.490513
3817	0.491575
3818	0.492194
3819	0.500866
3820	0.501313
3821	0.502245
3822	0.502202
3823	0.502445
3824	0.502508
3825	0.502778
3826	0.502426
3827	0.502786
3828	0.502755
3829	0.50297
3830	0.503303
3831	0.503707
3832	0.503656
3833	0.503778
3834	0.50395
3835	0.503962
3836	0.504507
3837	0.504514
3838	0.504362
3839	0.504542
3840	0.504557
3841	0.504812
3842	0.504753
3843	0.504655
3844	0.502947
3845	0.502806
3846	0.503691
3847	0.503852
3848	0.503915
3849	0.504295
3850	0.50435
3851	0.504706
3852	0.50404
3853	0.504064
3854	0.504091
3855	0.504009
3856	0.504197
3857	0.503688
3858	0.503366
3859	0.503456
3860	0.503468
3861	0.50393
3862	0.503413
3863	0.502183
3864	0.502234
3865	0.500502
3866	0.501352
3867	0.501415
3868	0.503104
3869	0.498985
3870	0.499001
3871	0.499828
3872	0.500364
3873	0.500313
3874	0.500404
3875	0.499902
3876	0.499318
3877	0.499165
3878	0.499737
3879	0.50002
3880	0.499628
3881	0.499259
3882	0.498899
3883	0.50018
3884	0.501501
3885	0.501955
3886	0.501897
3887	0.501513
3888	0.501579
3889	0.501168
3890	0.501109
3891	0.501344
3892	0.499804
3893	0.49884
3894	0.49371
3895	0.491775
3896	0.494945
3897	0.495121
3898	0.492648
3899	0.491677
3900	0.492492
3901	0.493628
3902	0.49643
3903	0.496591
3904	0.496528
3905	0.498233
3906	0.498103
3907	0.49922
3908	0.500235
3909	0.500721
3910	0.501454
3911	0.501383
3912	0.501736
3913	0.500835
3914	0.501101
3915	0.500897
3916	0.500619
3917	0.500392
3918	0.500396
3919	0.498852
3920	0.499201
3921	0.499075
3922	0.499404
3923	0.498993
3924	0.499687
3925	0.499679
3926	0.499236
3927	0.498221
3928	0.497143
3929	0.495309
3930	0.497151
3931	0.496089
3932	0.497982
3933	0.498123
3934	0.498017
3935	0.49933
3936	0.499157
3937	0.499898
3938	0.499608
3939	0.49895
3940	0.498985
3941	0.496673
3942	0.497755
3943	0.497449
3944	0.49721
3945	0.49819
3946	0.49788
3947	0.499255
3948	0.499016
3949	0.499244
3950	0.499228
3951	0.499589
3952	0.499118
3953	0.499353
3954	0.49924
3955	0.498773
3956	0.498354
3957	0.497907
3958	0.49739
3959	0.497253
3960	0.496747
3961	0.497292
3962	0.497363
3963	0.49828
3964	0.497731
3965	0.499079
3966	0.49982
3967	0.498993
3968	0.499608
3969	0.497041
3970	0.496383
3971	0.496967
3972	0.497143
3973	0.497065
3974	0.496426
3975	0.496552
3976	0.496579
3977	0.49567
3978	0.495117
3979	0.493275
3980	0.492437
3981	0.490646
3982	0.490881
3983	0.488589
3984	0.489894
3985	0.48967
3986	0.492445
3987	0.492315
3988	0.494181
3989	0.495129
3990	0.496038
3991	0.496697
3992	0.496591
3993	0.497096
3994	0.493863
3995	0.493985
3996	0.494455
3997	0.494545
3998	0.495309
3999	0.49554
4000	0.495109
4001	0.495443
4002	0.495729
4003	0.494929
4004	0.496085
4005	0.495678
4006	0.49576
4007	0.495889
4008	0.495243
4009	0.494996
4010	0.495066
4011	0.495215
4012	0.495043
4013	0.49536
4014	0.495533
4015	0.495298
4016	0.495395
4017	0.495439
4018	0.495932
4019	0.495384
4020	0.495352
4021	0.495721
4022	0.497026
4023	0.497441
4024	0.498389
4025	0.498566
4026	0.498029
4027	0.49902
4028	0.49819
4029	0.497978
4030	0.497606
4031	0.497249
4032	0.497155
4033	0.496845
4034	0.497504
4035	0.497574
4036	0.497766
4037	0.497002
4038	0.49721
4039	0.497715
4040	0.497602
4041	0.497406
4042	0.49853
4043	0.498001
4044	0.496179
4045	0.495846
4046	0.497672
4047	0.497672
4048	0.497343
4049	0.496783
4050	0.497073
4051	0.497394
4052	0.497492
4053	0.497359
4054	0.497461
4055	0.497065
4056	0.496951
4057	0.497018
4058	0.496787
4059	0.497269
4060	0.497112
4061	0.497429
4062	0.49654
4063	0.495764
4064	0.495615
4065	0.494988
4066	0.493848
4067	0.492966
4068	0.493891
4069	0.497151
4070	0.496744
4071	0.497261
4072	0.497496
4073	0.497371
4074	0.498064
4075	0.498593
4076	0.498154
4077	0.498503
4078	0.498358
4079	0.499263
4080	0.499142
4081	0.498997
4082	0.498593
4083	0.497982
4084	0.497864
4085	0.498013
4086	0.498174
4087	0.498178
4088	0.497053
4089	0.497418
4090	0.497222
4091	0.497398
4092	0.49661
4093	0.496634
4094	0.491285
4095	0.491857
4096	0.491771
4097	0.492304
4098	0.492613
4099	0.492648
4100	0.492719
4101	0.492296
4102	0.49324
4103	0.493409
4104	0.494055
4105	0.495102
4106	0.495693
4107	0.495772
4108	0.496218
4109	0.496226
4110	0.495795
4111	0.496379
4112	0.496348
4113	0.495513
4114	0.495031
4115	0.494298
4116	0.494337
4117	0.494294
4118	0.493648
4119	0.492351
4120	0.493181
4121	0.491622
4122	0.493855
4123	0.494827
4124	0.495235
4125	0.494353
4126	0.495254
4127	0.494945
4128	0.495266
4129	0.495446
4130	0.495772
4131	0.495568
4132	0.496708
4133	0.496218
4134	0.496461
4135	0.496865
4136	0.498487
4137	0.498025
4138	0.49826
4139	0.49826
4140	0.500811
4141	0.501807
4142	0.502539
4143	0.504166
4144	0.504072
4145	0.503864
4146	0.505851
4147	0.508437
4148	0.510483
4149	0.510126
4150	0.512242
4151	0.515624
4152	0.51823
4153	0.520048
4154	0.521608
4155	0.52211
4156	0.522278
4157	0.522074
4158	0.521349
4159	0.521416
4160	0.520895
4161	0.520287
4162	0.520777
4163	0.522419
4164	0.522803
4165	0.523493
4166	0.524143
4167	0.526691
4168	0.528811
4169	0.528564
4170	0.53242
4171	0.532749
4172	0.535363
4173	0.536209
4174	0.539399
4175	0.540249
4176	0.543028
4177	0.544305
4178	0.545826
4179	0.545826
4180	0.545301
4181	0.544666
4182	0.545387
4183	0.542902
4184	0.541938
4185	0.539524
4186	0.538004
4187	0.535586
4188	0.534998
4189	0.533889
4190	0.532957
4191	0.531754
4192	0.529735
4193	0.52961
4194	0.524367
4195	0.522505
4196	0.522031
4197	0.521483
4198	0.522827
4199	0.522564
4200	0.525609
4201	0.526283
4202	0.526973
4203	0.527435
4204	0.529347
4205	0.528297
4206	0.528434
4207	0.525946
4208	0.526024
4209	0.525002
4210	0.521596
4211	0.522027
4212	0.521733
4213	0.519535
4214	0.518144
4215	0.516866
4216	0.513531
4217	0.510075
4218	0.507536
4219	0.497371
4220	0.495603
4221	0.491104
4222	0.485787
4223	0.481946
4224	0.478757
4225	0.47347
4226	0.469305
4227	0.468388
4228	0.463172
4229	0.46111
4230	0.457537
4231	0.454041
4232	0.451129
4233	0.447458
4234	0.443425
4235	0.44279
4236	0.440996
4237	0.438354
4238	0.437739
4239	0.430838
4240	0.425991
4241	0.42378
4242	0.418138
4243	0.414893
4244	0.397431
4245	0.398818
4246	0.397274
4247	0.399508
4248	0.397043
4249	0.398501
4250	0.398364
4251	0.401048
4252	0.404046
4253	0.40521
4254	0.409861
4255	0.411131
4256	0.411119
4257	0.413459
4258	0.415622
4259	0.418043
4260	0.421504
4261	0.419043
4262	0.420101
4263	0.422479
4264	0.422871
4265	0.42331
4266	0.423067
4267	0.424027
4268	0.422985
4269	0.417111
4270	0.417695
4271	0.416672
4272	0.418953
4273	0.420152
4274	0.422464
4275	0.422044
4276	0.422805
4277	0.421935
4278	0.422233
4279	0.423118
4280	0.422315
4281	0.421621
4282	0.423165
4283	0.421711
4284	0.422456
4285	0.423918
4286	0.424125
4287	0.424161
4288	0.423538
4289	0.421845
4290	0.420626
4291	0.422068
4292	0.418067
4293	0.421159
4294	0.416225
4295	0.419247
4296	0.421751
4297	0.426571
4298	0.431516
4299	0.437402
4300	0.440169
4301	0.44475
4302	0.449515
4303	0.454676
4304	0.45937
4305	0.46365
4306	0.465993
4307	0.465519
4308	0.471448
4309	0.474074
4310	0.477424
4311	0.484302
4312	0.492735
4313	0.495791
4314	0.500263
4315	0.505427
4316	0.507132
4317	0.508018
4318	0.510745
4319	0.505157
4320	0.508606
4321	0.510067
4322	0.508586
4323	0.509037
4324	0.50484
4325	0.503307
4326	0.499232
4327	0.49547
4328	0.492703
4329	0.488836
4330	0.485258
4331	0.485454
4332	0.484411
4333	0.48137
4334	0.482217
4335	0.482017
4336	0.480191
4337	0.479376
4338	0.480402
4339	0.48041
4340	0.481245
4341	0.483631
4342	0.484878
4343	0.484396
4344	0.485215
4345	0.488314
4346	0.488024
4347	0.493734
4348	0.496418
4349	0.497668
4350	0.500078
4351	0.501673
4352	0.502872
4353	0.502931
4354	0.502312
4355	0.499926
4356	0.495948
4357	0.489184
4358	0.487472
4359	0.482334
4360	0.480128
4361	0.478043
4362	0.477248
4363	0.474148
4364	0.472679
4365	0.469861
4366	0.468384
4367	0.466083
4368	0.4676
4369	0.46787
4370	0.468231
4371	0.468956
4372	0.470484
4373	0.470202
4374	0.469156
4375	0.470171
4376	0.469638
4377	0.470037
4378	0.469285
4379	0.468654
4380	0.467463
4381	0.46468
4382	0.463803
4383	0.462345
4384	0.457732
4385	0.456533
4386	0.45109
4387	0.444276
4388	0.441368
4389	0.435607
4390	0.431387
4391	0.429623
4392	0.427919
4393	0.425783
4394	0.422001
4395	0.421151
4396	0.418122
4397	0.417209
4398	0.41311
4399	0.410061
4400	0.410523
4401	0.406338
4402	0.402431
4403	0.400597
4404	0.397309
4405	0.395726
4406	0.395103
4407	0.389292
4408	0.385608
4409	0.383457
4410	0.376442
4411	0.373315
4412	0.371493
4413	0.369706
4414	0.36672
4415	0.366833
4416	0.366018
4417	0.367511
4418	0.369334
4419	0.365086
4420	0.364188
4421	0.363824
4422	0.359305
4423	0.359987
4424	0.360877
4425	0.361061
4426	0.361543
4427	0.365015
4428	0.368091
4429	0.372492
4430	0.375439
4431	0.381838
4432	0.385726
4433	0.387528
4434	0.39113
4435	0.395009
4436	0.39778
4437	0.403129
4438	0.408834
4439	0.410182
4440	0.412745
4441	0.416985
4442	0.418957
4443	0.424286
4444	0.426441
4445	0.431583
4446	0.438793
4447	0.449002
4448	0.453026
4449	0.461965
4450	0.466068
4451	0.467298
4452	0.468967
4453	0.472898
4454	0.474489
4455	0.480994
4456	0.487178
4457	0.491626
4458	0.496857
4459	0.499765
4460	0.502477
4461	0.503746
4462	0.5033
4463	0.500729
4464	0.500392
4465	0.499346
4466	0.498989
4467	0.496258
4468	0.496626
4469	0.494863
4470	0.496277
4471	0.494988
4472	0.494635
4473	0.492625
4474	0.492163
4475	0.489059
4476	0.483933
4477	0.480148
4478	0.479489
4479	0.477373
4480	0.473008
4481	0.470684
4482	0.46472
4483	0.457493
4484	0.455221
4485	0.452027
4486	0.450663
4487	0.447073
4488	0.44377
4489	0.442332
4490	0.442261
4491	0.438907
4492	0.437331
4493	0.436556
4494	0.436732
4495	0.434698
4496	0.435047
4497	0.434185
4498	0.435184
4499	0.435607
4500	0.437625
4501	0.439981
4502	0.439792
4503	0.44145
4504	0.439691
4505	0.439373
4506	0.43866
4507	0.434334
4508	0.432892
4509	0.430917
4510	0.429565
4511	0.428463
4512	0.426704
4513	0.42498
4514	0.422068
4515	0.417777
4516	0.413831
4517	0.41012
4518	0.407573
4519	0.398313
4520	0.400405
4521	0.399281
4522	0.404743
4523	0.408921
4524	0.419384
4525	0.424133
4526	0.425752
4527	0.428593
4528	0.431159
4529	0.433891
4530	0.438601
4531	0.441905
4532	0.442179
4533	0.440988
4534	0.438703
4535	0.436222
4536	0.430066
4537	0.421899
4538	0.418565
4539	0.413615
4540	0.40807
4541	0.405754
4542	0.397713
4543	0.390342
4544	0.384828
4545	0.379256
4546	0.376411
4547	0.373401
4548	0.368268
4549	0.366187
4550	0.364686
4551	0.361414
4552	0.356747
4553	0.354054
4554	0.356378
4555	0.357417
4556	0.360215
4557	0.363436
4558	0.366751
4559	0.370497
4560	0.376125
4561	0.383888
4562	0.387591
4563	0.394637
4564	0.401209
4565	0.405613
4566	0.411197
4567	0.415524
4568	0.416989
4569	0.415249
4570	0.415465
4571	0.417166
4572	0.417855
4573	0.417706
4574	0.417346
4575	0.415818
4576	0.414454
4577	0.414709
4578	0.410092
4579	0.407063
4580	0.406467
4581	0.403603
4582	0.403736
4583	0.404018
4584	0.404289
4585	0.406507
4586	0.407443
4587	0.409916
4588	0.410022
4589	0.409712
4590	0.408564
4591	0.409544
4592	0.409732
4593	0.405935
4594	0.395765
4595	0.394241
4596	0.391228
4597	0.389597
4598	0.388527
4599	0.38417
4600	0.380416
4601	0.377829
4602	0.374545
4603	0.371105
4604	0.368789
4605	0.365607
4606	0.360987
4607	0.36014
4608	0.355771
4609	0.351256
4610	0.347918
4611	0.340515
4612	0.334308
4613	0.332325
4614	0.326384
4615	0.31779
4616	0.314581
4617	0.308859
4618	0.301833
4619	0.293631
4620	0.287949
4621	0.28108
4622	0.277823
4623	0.271855
4624	0.26796
4625	0.267419
4626	0.263892
4627	0.260902
4628	0.261247
4629	0.265267
4630	0.27216
4631	0.276067
4632	0.281005
4633	0.287522
4634	0.288408
4635	0.289231
4636	0.289795
4637	0.28858
4638	0.287816
4639	0.290097
4640	0.290896
4641	0.291182
4642	0.29445
4643	0.295011
4644	0.297887
4645	0.305587
4646	0.307539
4647	0.317645
4648	0.323296
4649	0.325902
4650	0.330064
4651	0.332294
4652	0.333932
4653	0.337141
4654	0.333916
4655	0.33274
4656	0.329829
4657	0.326686
4658	0.324456
4659	0.318174
4660	0.3119
4661	0.307903
4662	0.305779
4663	0.30226
4664	0.301488
4665	0.299227
4666	0.297895
4667	0.296829
4668	0.289321
4669	0.274359
4670	0.27403
4671	0.268355
4672	0.262556
4673	0.260087
4674	0.255447
4675	0.250208
4676	0.247602
4677	0.241833
4678	0.238048
4679	0.233737
4680	0.22668
4681	0.220382
4682	0.217972
4683	0.213885
4684	0.209641
4685	0.206808
4686	0.207105
4687	0.207094
4688	0.206729
4689	0.207105
4690	0.206812
4691	0.207807
4692	0.205718
4693	0.202999
4694	0.198857
4695	0.196294
4696	0.193378
4697	0.19214
4698	0.194228
4699	0.19455
4700	0.196251
4701	0.199679
4702	0.204217
4703	0.204695
4704	0.207074
4705	0.20872
4706	0.208767
4707	0.207627
4708	0.207262
4709	0.209559
4710	0.211259
4711	0.215707
4712	0.2176
4713	0.221609
4714	0.226985
4715	0.232174
4716	0.241963
4717	0.253464
4718	0.257018
4719	0.26185
4720	0.266984
4721	0.269131
4722	0.273963
4723	0.277909
4724	0.27963
4725	0.281722
4726	0.283568
4727	0.282028
4728	0.282506
4729	0.283345
4730	0.284806
4731	0.283623
4732	0.282796
4733	0.282984
4734	0.28233
4735	0.280594
4736	0.278117
4737	0.276953
4738	0.2766
4739	0.276118
4740	0.271349
4741	0.267485
4742	0.265597
4743	0.264531
4744	0.257395
4745	0.255804
4746	0.253605
4747	0.248499
4748	0.246516
4749	0.240446
4750	0.232859
4751	0.229783
4752	0.220809
4753	0.211016
4754	0.20787
4755	0.199436
4756	0.191195
4757	0.187445
4758	0.177527
4759	0.16813
4760	0.163525
4761	0.157772
4762	0.152784
4763	0.149343
4764	0.141376
4765	0.134664
4766	0.131391
4767	0.1252
4768	0.119482
4769	0.115007
4770	0.10927
4771	0.103666
4772	0.100908
4773	0.0944613
4774	0.0866394
4775	0.0828579
4776	0.0760824
4777	0.0699809
4778	0.0660347
4779	0.0596001
4780	0.0551798
4781	0.0521467
4782	0.0458806
4783	0.0408764
4784	0.0379021
4785	0.0313382
4786	0.0252249
4787	0.0220939
4788	0.0164156
4789	0.0126144
4790	0.0112899
4791	0.0100868
4792	0.00878582
4793	0.00788451
4794	0.00798248
4795	0.0055411
4796	0.00428318
4797	0.00233165
4798	0.00225719
4799	0.00217098
4800	0.00212004
4801	0.00202599
4802	0.00199072
4803	0.00183005
4804	0.0018183
4805	0.00178695
4806	0.00176735
4807	0.00172816
4808	0.00167722
4809	0.00165371
4810	0.00170073
4811	0.00175951
4812	0.001881
4813	0.00193586
4814	0.0019868
4815	0.0020064
4816	0.00201815
4817	0.00202991
4818	0.00202599
4819	0.00356997
4820	0.00347592
4821	0.00327999
4822	0.00315851
4823	0.00295865
4824	0.00294297
4825	0.00288811
4826	0.00289595
4827	0.00288419
4828	0.00272352
4829	0.00272352
4830	0.00263731
4831	0.00266083
4832	0.00263731
4833	0.00335052
4834	0.0033035
4835	0.00318202
4836	0.00306054
4837	0.00291554
4838	0.00290771
4839	0.00289203
4840	0.00279798
4841	0.00282933
4842	0.00304878
4843	0.00299392
4844	0.00291162
4845	0.00312324
4846	0.00325647
4847	0.0033035
4848	0.00346809
4849	0.00341322
4850	0.00322512
4851	0.00332309
4852	0.00331134
4853	0.00327607
4854	0.00305662
4855	0.00297824
4856	0.00299392
4857	0.00291554
4858	0.00377375
4859	0.00355822
4860	0.00367578
4861	0.00376983
4862	0.00380902
4863	0.00358173
4864	0.00340147
4865	0.00314675
4866	0.00319769
4867	0.00308797
4868	0.00300176
4869	0.00282541
4870	0.00285284
4871	0.00300567
4872	0.00287244
4873	0.00282933
4874	0.00276663
4875	0.00273528
4876	0.00282541
4877	0.00289203
4878	0.00286852
4879	0.00286068
4880	0.00286852
4881	0.00286852
4882	0.00294297
4883	0.00344849
4884	0.00327607
4885	0.00315851
4886	0.00301743
4887	0.00298608
4888	0.00299
4889	0.00308797
4890	0.00310756
4891	0.00306446
4892	0.00315459
4893	0.00306837
4894	0.0028646
4895	0.0028019
4896	0.00287244
4897	0.00286852
4898	0.00281366
4899	0.00284501
4900	0.00294297
4901	0.00290379
4902	0.00290771
4903	0.00292338
4904	0.00285284
4905	0.00281757
4906	0.00278231
4907	0.00277055
4908	0.00371105
4909	0.00343282
4910	0.00337404
4911	0.00335444
4912	0.00323688
4913	0.00318202
4914	0.0031154
4915	0.00311932
4916	0.011094
4917	0.0226151
4918	0.0286773
4919	0.0393246
4920	0.0441956
4921	0.0455397
4922	0.048177
4923	0.049768
4924	0.0506615
4925	0.0546351
4926	0.0642164
4927	0.0703688
4928	0.082274
4929	0.0942261
4930	0.100449
4931	0.107887
4932	0.109909
4933	0.110387
4934	0.11188
4935	0.111218
4936	0.110755
4937	0.111425
4938	0.111684
4939	0.112527
4940	0.112652
4941	0.113267
4942	0.113491
4943	0.113863
4944	0.114686
4945	0.1142
4946	0.113714
4947	0.110148
4948	0.108921
4949	0.105108
4950	0.101276
4951	0.0993166
4952	0.094089
4953	0.0897979
4954	0.0881482
4955	0.0850798
4956	0.082419
4957	0.0809102
4958	0.078896
4959	0.0766349
4960	0.0751379
4961	0.0711095
4962	0.065682
4963	0.0625666
4964	0.0569197
4965	0.0513708
4966	0.0540042
4967	0.0600586
4968	0.066019
4969	0.0663208
4970	0.0709723
4971	0.0728024
4972	0.0752359
4973	0.0793859
4974	0.0827834
4975	0.084441
4976	0.0863534
4977	0.0863651
4978	0.0860673
4979	0.0841981
4980	0.0844371
4981	0.0856362
4982	0.0868902
4983	0.0898019
4984	0.0893316
4985	0.0890103
4986	0.0894374
4987	0.0894805
4988	0.087337
4989	0.0875486
4990	0.0875878
4991	0.087819
4992	0.0892728
4993	0.089363
4994	0.0892807
4995	0.089504
4996	0.0897352
4997	0.0924901
4998	0.0907032
4999	0.0885596
5000	0.085213
5001	0.0815177
5002	0.080969
5003	0.0785081
5004	0.0760393
5005	0.0749694
5006	0.0741426
5007	0.071709
5008	0.0696047
5009	0.0653137
5010	0.0582756
5011	0.0549172
5012	0.0487139
5013	0.0415818
5014	0.0381842
5015	0.0320553
5016	0.0271412
5017	0.0242296
5018	0.0188766
5019	0.0163176
5020	0.0161178
5021	0.0154163
5022	0.0138136
5023	0.0138332
5024	0.0138802
5025	0.0124851
5026	0.0116112
5027	0.00994576
5028	0.00914634
5029	0.00922472
5030	0.00961267
5031	0.00980861
5032	0.00985171
5033	0.0112154
5034	0.0114702
5035	0.0114937
5036	0.0113996
5037	0.0113408
5038	0.0112585
5039	0.0115877
5040	0.0116034
5041	0.0120736
5042	0.0121285
5043	0.0122696
5044	0.0120893
5045	0.0118738
5046	0.0117601
5047	0.0118189
5048	0.0142721
5049	0.0177676
5050	0.0200796
5051	0.0241159
5052	0.0273528
5053	0.0293866
5054	0.0326627
5055	0.0363111
5056	0.0395636
5057	0.0442347
5058	0.0554698
5059	0.0586126
5060	0.0642125
5061	0.0707411
5062	0.0754201
5063	0.0836142
5064	0.0931446
5065	0.0971652
5066	0.108298
5067	0.11978
5068	0.127242
5069	0.139417
5070	0.150954
5071	0.155237
5072	0.163705
5073	0.173369
5074	0.177417
5075	0.189604
5076	0.201745
5077	0.204319
5078	0.209304
5079	0.210781
5080	0.211271
5081	0.212415
5082	0.212451
5083	0.214743
5084	0.213505
5085	0.212498
5086	0.21345
5087	0.211918
5088	0.210487
5089	0.210801
5090	0.207478
5091	0.203006
5092	0.20147
5093	0.197497
5094	0.194217
5095	0.191246
5096	0.187194
5097	0.17989
5098	0.177405
5099	0.169384
5100	0.164775
5101	0.161472
5102	0.156887
5103	0.151244
5104	0.149143
5105	0.142799
5106	0.134954
5107	0.129691
5108	0.114459
5109	0.102385
5110	0.0970986
5111	0.0858479
5112	0.0770307
5113	0.0720852
5114	0.0608776
5115	0.0512023
5116	0.0481652
5117	0.0403709
5118	0.0324629
5119	0.0289713
5120	0.0222859
5121	0.0164352
5122	0.0136372
5123	0.00949511
5124	0.00563123
5125	0.00377375
5126	0.00237868
5127	0.00244529
5128	0.00254718
5129	0.00264907
5130	0.00270393
5131	0.0028019
5132	0.00289203
5133	0.00531381
5134	0.00492978
5135	0.00457709
5136	0.00448696
5137	0.0042871
5138	0.0039932
5139	0.00398928
5140	0.00389915
5141	0.00366794
5142	0.00362092
5143	0.00358173
5144	0.00362484
5145	0.00362484
5146	0.00358173
5147	0.00354254
5148	0.00360132
5149	0.00361308
5150	0.00352687
5151	0.0034916
5152	0.00346025
5153	0.00350335
5154	0.00347984
5155	0.00350335
5156	0.00346417
5157	0.00347984
5158	0.00594081
5159	0.00545489
5160	0.0051649
5161	0.00494937
5162	0.00483573
5163	0.00463195
5164	0.00450655
5165	0.00428318
5166	0.00435764
5167	0.00402063
5168	0.00402847
5169	0.00394617
5170	0.00397752
5171	0.00385996
5172	0.00375807
5173	0.0037424
5174	0.00376591
5175	0.0036797
5176	0.00368362
5177	0.00370713
5178	0.00376199
5179	0.00364835
5180	0.00367186
5181	0.00365619
5182	0.0036601
5183	0.0041813
5184	0.00393442
5185	0.00391482
5186	0.00379334
5187	0.00357781
5188	0.00351119
5189	0.00335444
5190	0.00325647
5191	0.00296257
5192	0.00289595
5193	0.00296257
5194	0.000889554
5195	0.000603486
5196	0.000380118
5197	0.000352687
5198	0.000211612
5199	7.05373e-05
5200	7.83748e-06
5201	0
5202	3.52687e-05
5203	6.66186e-05
5204	0.000192018
5205	0.000211612
5206	0.000227287
5207	0.000246881
5208	0.000321337
5209	0.00037228
5210	0.000548624
5211	0.000607405
5212	0.000634836
5213	0.000658348
5214	0.000740642
5215	0.000768073
5216	0.000791586
5217	0.000799423
5218	0.000787667
5219	0.00404414
5220	0.0039109
5221	0.00372672
5222	0.00353862
5223	0.00338971
5224	0.00327999
5225	0.00309581
5226	0.00294297
5227	0.00288027
5228	0.00275487
5229	0.00282933
5230	0.00272744
5231	0.00269609
5232	0.00270001
5233	0.00267258
5234	0.0026138
5235	0.00264123
5236	0.00265299
5237	0.00270001
5238	0.00271177
5239	0.00273136
5240	0.00279406
5241	0.00280582
5242	0.00282933
5243	0.00281366
5244	0.00355038
5245	0.00332701
5246	0.00326431
5247	0.00318986
5248	0.00312324
5249	0.00309189
5250	0.00310756
5251	0.00310756
5252	0.00308797
5253	0.00313499
5254	0.00308405
5255	0.00324472
5256	0.00318594
5257	0.0108196
5258	0.015479
5259	0.0254209
5260	0.0357859
5261	0.0394225
5262	0.047213
5263	0.0524406
5264	0.0532674
5265	0.055172
5266	0.0558342
5267	0.0561791
5268	0.0570138
5269	0.0570294
5270	0.0570961
5271	0.0573821
5272	0.0574683
5273	0.0579268
5274	0.0577505
5275	0.0581306
5276	0.0580483
5277	0.0582247
5278	0.058499
5279	0.0586518
5280	0.0585107
5281	0.0586283
5282	0.0589261
5283	0.0590202
5284	0.0588987
5285	0.0590633
5286	0.0594355
5287	0.0593376
5288	0.0599097
5289	0.0666617
5290	0.0756748
5291	0.0796562
5292	0.0886929
5293	0.0955154
5294	0.100504
5295	0.106413
5296	0.109976
5297	0.110485
5298	0.112562
5299	0.114212
5300	0.114466
5301	0.116128
5302	0.117539
5303	0.117786
5304	0.118969
5305	0.119439
5306	0.119804
5307	0.120466
5308	0.121332
5309	0.121681
5310	0.122116
5311	0.122167
5312	0.12268
5313	0.122418
5314	0.12239
5315	0.122229
5316	0.122676
5317	0.123429
5318	0.123154
5319	0.12366
5320	0.123668
5321	0.123456
5322	0.123433
5323	0.12348
5324	0.123491
5325	0.123131
5326	0.122903
5327	0.122743
5328	0.126023
5329	0.132775
5330	0.135761
5331	0.141999
5332	0.147952
5333	0.15086
5334	0.154669
5335	0.15693
5336	0.156624
5337	0.155954
5338	0.156883
5339	0.156828
5340	0.157263
5341	0.15791
5342	0.158129
5343	0.158921
5344	0.157357
5345	0.157784
5346	0.157757
5347	0.157334
5348	0.157361
5349	0.157236
5350	0.159438
5351	0.162095
5352	0.167138
5353	0.174023
5354	0.178361
5355	0.186066
5356	0.192892
5357	0.19636
5358	0.202015
5359	0.2062
5360	0.207795
5361	0.210844
5362	0.213642
5363	0.213567
5364	0.213983
5365	0.214586
5366	0.214042
5367	0.214292
5368	0.214606
5369	0.216894
5370	0.215754
5371	0.216303
5372	0.21595
5373	0.215699
5374	0.215985
5375	0.215868
5376	0.215343
5377	0.21459
5378	0.214853
5379	0.213387
5380	0.212929
5381	0.212984
5382	0.21305
5383	0.211353
5384	0.211122
5385	0.212662
5386	0.21682
5387	0.219163
5388	0.223215
5389	0.228388
5390	0.230128
5391	0.234298
5392	0.237683
5393	0.239549
5394	0.241492
5395	0.245129
5396	0.247245
5397	0.247347
5398	0.247057
5399	0.247155
5400	0.246869
5401	0.24661
5402	0.247061
5403	0.247045
5404	0.247406
5405	0.247786
5406	0.248797
5407	0.24828
5408	0.248389
5409	0.248041
5410	0.248617
5411	0.248679
5412	0.249201
5413	0.250235
5414	0.251074
5415	0.25147
5416	0.25618
5417	0.259366
5418	0.266
5419	0.270405
5420	0.272968
5421	0.279293
5422	0.286327
5423	0.288988
5424	0.292467
5425	0.293839
5426	0.294294
5427	0.295273
5428	0.295504
5429	0.295649
5430	0.296151
5431	0.299247
5432	0.301065
5433	0.303734
5434	0.308264
5435	0.309796
5436	0.314087
5437	0.317849
5438	0.32002
5439	0.32444
5440	0.327105
5441	0.327897
5442	0.331447
5443	0.33461
5444	0.335393
5445	0.337803
5446	0.340327
5447	0.34173
5448	0.343415
5449	0.345668
5450	0.345993
5451	0.346189
5452	0.345821
5453	0.345629
5454	0.345884
5455	0.344144
5456	0.344622
5457	0.344015
5458	0.343438
5459	0.342847
5460	0.341369
5461	0.340084
5462	0.339112
5463	0.337431
5464	0.335746
5465	0.334637
5466	0.332748
5467	0.330021
5468	0.329347
5469	0.320243
5470	0.317684
5471	0.316685
5472	0.315212
5473	0.313433
5474	0.312837
5475	0.310909
5476	0.309498
5477	0.309573
5478	0.309334
5479	0.309118
5480	0.308679
5481	0.309212
5482	0.31038
5483	0.310243
5484	0.313013
5485	0.314918
5486	0.3156
5487	0.318006
5488	0.319585
5489	0.320788
5490	0.323563
5491	0.32647
5492	0.328516
5493	0.331396
5494	0.335472
5495	0.336604
5496	0.338709
5497	0.340339
5498	0.341358
5499	0.344081
5500	0.347255
5501	0.349089
5502	0.351397
5503	0.352495
5504	0.352961
5505	0.35289
5506	0.354607
5507	0.353984
5508	0.354525
5509	0.355348
5510	0.355782
5511	0.356966
5512	0.357879
5513	0.358298
5514	0.358945
5515	0.359012
5516	0.359188
5517	0.359787
5518	0.360618
5519	0.358447
5520	0.362566
5521	0.367562
5522	0.370674
5523	0.375024
5524	0.378206
5525	0.380059
5526	0.384041
5527	0.388645
5528	0.390483
5529	0.39399
5530	0.396914
5531	0.399198
5532	0.402941
5533	0.405511
5534	0.406683
5535	0.410135
5536	0.4132
5537	0.414615
5538	0.417209
5539	0.419493
5540	0.420685
5541	0.422338
5542	0.422973
5543	0.422805
5544	0.419795
5545	0.420387
5546	0.421429
5547	0.421841
5548	0.422366
5549	0.423447
5550	0.423745
5551	0.425085
5552	0.425822
5553	0.428812
5554	0.431591
5555	0.43219
5556	0.434326
5557	0.436779
5558	0.438538
5559	0.441387
5560	0.444334
5561	0.445165
5562	0.447728
5563	0.452524
5564	0.456165
5565	0.462039
5566	0.46742
5567	0.470574
5568	0.475719
5569	0.477299
5570	0.480375
5571	0.486484
5572	0.491594
5573	0.495395
5574	0.500247
5575	0.506078
5576	0.508288
5577	0.512281
5578	0.515416
5579	0.516772
5580	0.519272
5581	0.520025
5582	0.520276
5583	0.521647
5584	0.522243
5585	0.521953
5586	0.523497
5587	0.524982
5588	0.524813
5589	0.524911
5590	0.524026
5591	0.524598
5592	0.522599
5593	0.522533
5594	0.520401
5595	0.520068
5596	0.519296
5597	0.51883
5598	0.517642
5599	0.515216
5600	0.513571
5601	0.513132
5602	0.512607
5603	0.512552
5604	0.510353
5605	0.509813
5606	0.510753
5607	0.51348
5608	0.516122
5609	0.517278
5610	0.519637
5611	0.522791
5612	0.523387
5613	0.52486
5614	0.526789
5615	0.528509
5616	0.529598
5617	0.530527
5618	0.532396
5619	0.53153
5620	0.533172
5621	0.534657
5622	0.536766
5623	0.538337
5624	0.538815
5625	0.539003
5626	0.539865
5627	0.540347
5628	0.541723
5629	0.542526
5630	0.543134
5631	0.54438
5632	0.544826
5633	0.54474
5634	0.544196
5635	0.545097
5636	0.545469
5637	0.544795
5638	0.543839
5639	0.54331
5640	0.543576
5641	0.542397
5642	0.543541
5643	0.544764
5644	0.549153
5645	0.549396
5646	0.550885
5647	0.551837
5648	0.552609
5649	0.552864
5650	0.552793
5651	0.552601
5652	0.551645
5653	0.550944
5654	0.550959
5655	0.550705
5656	0.549635
5657	0.550191
5658	0.549874
5659	0.549905
5660	0.548973
5661	0.550422
5662	0.551167
5663	0.55092
5664	0.551598
5665	0.552151
5666	0.55226
5667	0.552993
5668	0.553542
5669	0.551308
5670	0.55266
5671	0.5538
5672	0.554902
5673	0.556187
5674	0.556332
5675	0.556853
5676	0.556536
5677	0.556638
5678	0.556614
5679	0.557492
5680	0.557805
5681	0.558013
5682	0.558605
5683	0.560215
5684	0.560564
5685	0.56156
5686	0.562112
5687	0.562731
5688	0.56386
5689	0.56422
5690	0.563401
5691	0.563738
5692	0.56308
5693	0.562888
5694	0.557586
5695	0.557684
5696	0.55728
5697	0.557692
5698	0.558503
5699	0.55922
5700	0.560098
5701	0.561422
5702	0.562194
5703	0.563354
5704	0.564083
5705	0.565126
5706	0.565823
5707	0.565921
5708	0.566619
5709	0.566528
5710	0.568002
5711	0.569083
5712	0.57004
5713	0.57243
5714	0.573206
5715	0.574068
5716	0.57506
5717	0.576149
5718	0.576474
5719	0.588176
5720	0.588289
5721	0.588493
5722	0.588724
5723	0.588614
5724	0.588783
5725	0.588771
5726	0.588383
5727	0.588101
5728	0.588019
5729	0.588321
5730	0.588089
5731	0.587846
5732	0.587901
5733	0.58798
5734	0.587995
5735	0.588003
5736	0.58798
Method4  Run Time = 124655 ms		( no. of threads = 5 )
